-2.500000	-2.400000	10.000000	19.000000	8.965649	15.635325	15.635325
-2.500000	-2.400000	19.000000	23.000000	1.218317	0.142593	0.142593
-2.500000	-2.400000	23.000000	25.000000	0.770106	0.050552	0.050552
-2.500000	-2.400000	25.000000	27.000000	0.883921	0.028966	0.028966
-2.500000	-2.400000	27.000000	30.000000	1.006086	0.014783	0.014783
-2.500000	-2.400000	30.000000	35.000000	1.028319	0.016875	0.016875
-2.500000	-2.400000	35.000000	40.000000	1.032233	0.005367	0.005367
-2.500000	-2.400000	40.000000	45.000000	1.031477	0.003890	0.003890
-2.500000	-2.400000	45.000000	50.000000	1.015031	0.005868	0.005868
-2.500000	-2.400000	50.000000	60.000000	0.998547	0.007771	0.007771
-2.500000	-2.400000	60.000000	70.000000	1.003800	0.024963	0.024963
-2.500000	-2.400000	70.000000	100.000000	1.011218	0.012149	0.012149
-2.500000	-2.400000	100.000000	500.000000	1.004999	0.010804	0.010804
-2.400000	-2.300000	10.000000	19.000000	0.000000	1.735661	1.735661
-2.400000	-2.300000	19.000000	23.000000	0.824672	0.280135	0.280135
-2.400000	-2.300000	23.000000	25.000000	1.065038	0.073780	0.073780
-2.400000	-2.300000	25.000000	27.000000	1.077915	0.026355	0.026355
-2.400000	-2.300000	27.000000	30.000000	1.014526	0.010803	0.010803
-2.400000	-2.300000	30.000000	35.000000	1.012796	0.006634	0.006634
-2.400000	-2.300000	35.000000	40.000000	1.004665	0.003183	0.003183
-2.400000	-2.300000	40.000000	45.000000	1.003771	0.001788	0.001788
-2.400000	-2.300000	45.000000	50.000000	1.001276	0.003947	0.003947
-2.400000	-2.300000	50.000000	60.000000	0.998709	0.003183	0.003183
-2.400000	-2.300000	60.000000	70.000000	0.993431	0.009031	0.009031
-2.400000	-2.300000	70.000000	100.000000	1.002444	0.005148	0.005148
-2.400000	-2.300000	100.000000	500.000000	0.996454	0.009431	0.009431
-2.300000	-2.200000	10.000000	19.000000	0.000000	0.000000	0.000000
-2.300000	-2.200000	19.000000	23.000000	0.864703	0.297987	0.297987
-2.300000	-2.200000	23.000000	25.000000	1.172880	0.084174	0.084174
-2.300000	-2.200000	25.000000	27.000000	1.061559	0.030347	0.030347
-2.300000	-2.200000	27.000000	30.000000	0.990617	0.012837	0.012837
-2.300000	-2.200000	30.000000	35.000000	0.987508	0.005418	0.005418
-2.300000	-2.200000	35.000000	40.000000	0.989420	0.003884	0.003884
-2.300000	-2.200000	40.000000	45.000000	0.990898	0.003133	0.003133
-2.300000	-2.200000	45.000000	50.000000	0.986602	0.001888	0.001888
-2.300000	-2.200000	50.000000	60.000000	0.990170	0.004127	0.004127
-2.300000	-2.200000	60.000000	70.000000	0.986371	0.007585	0.007585
-2.300000	-2.200000	70.000000	100.000000	0.990804	0.005196	0.005196
-2.300000	-2.200000	100.000000	500.000000	0.984642	0.007752	0.007752
-2.200000	-2.100000	10.000000	19.000000	0.000000	0.503663	0.503663
-2.200000	-2.100000	19.000000	23.000000	0.517404	0.142360	0.142360
-2.200000	-2.100000	23.000000	25.000000	1.449552	0.118127	0.118127
-2.200000	-2.100000	25.000000	27.000000	1.116897	0.024684	0.024684
-2.200000	-2.100000	27.000000	30.000000	0.996735	0.013386	0.013386
-2.200000	-2.100000	30.000000	35.000000	0.994563	0.003553	0.003553
-2.200000	-2.100000	35.000000	40.000000	0.995580	0.002375	0.002375
-2.200000	-2.100000	40.000000	45.000000	0.995105	0.001720	0.001720
-2.200000	-2.100000	45.000000	50.000000	0.995997	0.002145	0.002145
-2.200000	-2.100000	50.000000	60.000000	0.998445	0.003943	0.003943
-2.200000	-2.100000	60.000000	70.000000	0.994970	0.005062	0.005062
-2.200000	-2.100000	70.000000	100.000000	0.997179	0.003378	0.003378
-2.200000	-2.100000	100.000000	500.000000	0.994725	0.007735	0.007735
-2.100000	-2.000000	10.000000	19.000000	0.000000	0.458740	0.458740
-2.100000	-2.000000	19.000000	23.000000	0.626110	0.163984	0.163984
-2.100000	-2.000000	23.000000	25.000000	1.109954	0.067179	0.067179
-2.100000	-2.000000	25.000000	27.000000	1.093059	0.039687	0.039687
-2.100000	-2.000000	27.000000	30.000000	0.990167	0.006537	0.006537
-2.100000	-2.000000	30.000000	35.000000	0.995567	0.002847	0.002847
-2.100000	-2.000000	35.000000	40.000000	0.998744	0.002331	0.002331
-2.100000	-2.000000	40.000000	45.000000	0.998431	0.001489	0.001489
-2.100000	-2.000000	45.000000	50.000000	0.999658	0.001285	0.001285
-2.100000	-2.000000	50.000000	60.000000	0.996728	0.003196	0.003196
-2.100000	-2.000000	60.000000	70.000000	0.997827	0.005043	0.005043
-2.100000	-2.000000	70.000000	100.000000	0.995204	0.004961	0.004961
-2.100000	-2.000000	100.000000	500.000000	0.998776	0.004191	0.004191
-2.000000	-1.900000	10.000000	19.000000	0.000000	0.196742	0.196742
-2.000000	-1.900000	19.000000	23.000000	0.423949	0.123371	0.123371
-2.000000	-1.900000	23.000000	25.000000	1.006924	0.079007	0.079007
-2.000000	-1.900000	25.000000	27.000000	0.957461	0.025255	0.025255
-2.000000	-1.900000	27.000000	30.000000	0.971723	0.006784	0.006784
-2.000000	-1.900000	30.000000	35.000000	0.989561	0.005785	0.005785
-2.000000	-1.900000	35.000000	40.000000	0.995753	0.003693	0.003693
-2.000000	-1.900000	40.000000	45.000000	0.997573	0.001076	0.001076
-2.000000	-1.900000	45.000000	50.000000	0.996582	0.001193	0.001193
-2.000000	-1.900000	50.000000	60.000000	0.997878	0.002884	0.002884
-2.000000	-1.900000	60.000000	70.000000	0.995345	0.011429	0.011429
-2.000000	-1.900000	70.000000	100.000000	0.998026	0.007048	0.007048
-2.000000	-1.900000	100.000000	500.000000	1.000951	0.004894	0.004894
-1.900000	-1.800000	10.000000	19.000000	0.414044	0.849668	0.849668
-1.900000	-1.800000	19.000000	23.000000	0.356415	0.074010	0.074010
-1.900000	-1.800000	23.000000	25.000000	0.738753	0.031038	0.031038
-1.900000	-1.800000	25.000000	27.000000	0.882603	0.018606	0.018606
-1.900000	-1.800000	27.000000	30.000000	0.944427	0.012113	0.012113
-1.900000	-1.800000	30.000000	35.000000	0.988208	0.003854	0.003854
-1.900000	-1.800000	35.000000	40.000000	0.993220	0.001769	0.001769
-1.900000	-1.800000	40.000000	45.000000	0.993888	0.001008	0.001008
-1.900000	-1.800000	45.000000	50.000000	0.996883	0.001711	0.001711
-1.900000	-1.800000	50.000000	60.000000	0.997541	0.002123	0.002123
-1.900000	-1.800000	60.000000	70.000000	0.992600	0.003806	0.003806
-1.900000	-1.800000	70.000000	100.000000	0.997856	0.003413	0.003413
-1.900000	-1.800000	100.000000	500.000000	0.997102	0.004248	0.004248
-1.800000	-1.700000	10.000000	19.000000	0.823671	2.153856	2.153856
-1.800000	-1.700000	19.000000	23.000000	0.621556	0.150655	0.150655
-1.800000	-1.700000	23.000000	25.000000	0.803391	0.055628	0.055628
-1.800000	-1.700000	25.000000	27.000000	0.838140	0.013157	0.013157
-1.800000	-1.700000	27.000000	30.000000	0.926331	0.009109	0.009109
-1.800000	-1.700000	30.000000	35.000000	0.975494	0.003694	0.003694
-1.800000	-1.700000	35.000000	40.000000	0.993091	0.002084	0.002084
-1.800000	-1.700000	40.000000	45.000000	0.991528	0.001354	0.001354
-1.800000	-1.700000	45.000000	50.000000	0.995429	0.002142	0.002142
-1.800000	-1.700000	50.000000	60.000000	0.995503	0.003148	0.003148
-1.800000	-1.700000	60.000000	70.000000	0.996210	0.010870	0.010870
-1.800000	-1.700000	70.000000	100.000000	0.994215	0.003522	0.003522
-1.800000	-1.700000	100.000000	500.000000	0.995380	0.005919	0.005919
-1.700000	-1.600000	10.000000	19.000000	0.000000	0.619543	0.619543
-1.700000	-1.600000	19.000000	23.000000	0.632402	0.149054	0.149054
-1.700000	-1.600000	23.000000	25.000000	0.867030	0.080748	0.080748
-1.700000	-1.600000	25.000000	27.000000	0.830589	0.024049	0.024049
-1.700000	-1.600000	27.000000	30.000000	0.904268	0.010825	0.010825
-1.700000	-1.600000	30.000000	35.000000	0.973654	0.005783	0.005783
-1.700000	-1.600000	35.000000	40.000000	0.984518	0.002068	0.002068
-1.700000	-1.600000	40.000000	45.000000	0.988038	0.002507	0.002507
-1.700000	-1.600000	45.000000	50.000000	0.989331	0.002349	0.002349
-1.700000	-1.600000	50.000000	60.000000	0.993687	0.005221	0.005221
-1.700000	-1.600000	60.000000	70.000000	0.991298	0.006757	0.006757
-1.700000	-1.600000	70.000000	100.000000	0.989355	0.008139	0.008139
-1.700000	-1.600000	100.000000	500.000000	0.991074	0.005128	0.005128
-1.600000	-1.500000	10.000000	19.000000	2.387342	4.138807	4.138807
-1.600000	-1.500000	19.000000	23.000000	1.722882	1.004771	1.004771
-1.600000	-1.500000	23.000000	25.000000	1.148118	0.295722	0.295722
-1.600000	-1.500000	25.000000	27.000000	0.779668	0.066787	0.066787
-1.600000	-1.500000	27.000000	30.000000	0.879378	0.019196	0.019196
-1.600000	-1.500000	30.000000	35.000000	0.967424	0.011423	0.011423
-1.600000	-1.500000	35.000000	40.000000	0.984223	0.007807	0.007807
-1.600000	-1.500000	40.000000	45.000000	0.985485	0.004226	0.004226
-1.600000	-1.500000	45.000000	50.000000	0.988500	0.003546	0.003546
-1.600000	-1.500000	50.000000	60.000000	0.989772	0.004374	0.004374
-1.600000	-1.500000	60.000000	70.000000	0.993243	0.005563	0.005563
-1.600000	-1.500000	70.000000	100.000000	0.995472	0.006940	0.006940
-1.600000	-1.500000	100.000000	500.000000	0.984948	0.014892	0.014892
-1.500000	-1.400000	10.000000	19.000000	0.000000	0.000000	0.000000
-1.500000	-1.400000	19.000000	23.000000	0.444617	0.241009	0.241009
-1.500000	-1.400000	23.000000	25.000000	0.371020	0.046963	0.046963
-1.500000	-1.400000	25.000000	27.000000	0.656487	0.032725	0.032725
-1.500000	-1.400000	27.000000	30.000000	0.856744	0.025303	0.025303
-1.500000	-1.400000	30.000000	35.000000	0.967080	0.012582	0.012582
-1.500000	-1.400000	35.000000	40.000000	0.990602	0.008371	0.008371
-1.500000	-1.400000	40.000000	45.000000	0.996668	0.002677	0.002677
-1.500000	-1.400000	45.000000	50.000000	0.987360	0.003310	0.003310
-1.500000	-1.400000	50.000000	60.000000	0.992001	0.007509	0.007509
-1.500000	-1.400000	60.000000	70.000000	0.993199	0.016962	0.016962
-1.500000	-1.400000	70.000000	100.000000	0.996229	0.014243	0.014243
-1.500000	-1.400000	100.000000	500.000000	0.992085	0.012939	0.012939
-1.400000	-1.300000	10.000000	19.000000	0.000000	0.532374	0.532374
-1.400000	-1.300000	19.000000	23.000000	0.253263	0.130369	0.130369
-1.400000	-1.300000	23.000000	25.000000	0.508292	0.029949	0.029949
-1.400000	-1.300000	25.000000	27.000000	0.729646	0.032940	0.032940
-1.400000	-1.300000	27.000000	30.000000	0.895605	0.013027	0.013027
-1.400000	-1.300000	30.000000	35.000000	0.970905	0.005184	0.005184
-1.400000	-1.300000	35.000000	40.000000	0.990394	0.003717	0.003717
-1.400000	-1.300000	40.000000	45.000000	0.988422	0.003037	0.003037
-1.400000	-1.300000	45.000000	50.000000	0.989237	0.003341	0.003341
-1.400000	-1.300000	50.000000	60.000000	0.991021	0.003959	0.003959
-1.400000	-1.300000	60.000000	70.000000	0.998605	0.007198	0.007198
-1.400000	-1.300000	70.000000	100.000000	0.988641	0.009750	0.009750
-1.400000	-1.300000	100.000000	500.000000	0.988474	0.009275	0.009275
-1.300000	-1.200000	10.000000	19.000000	0.000000	0.193351	0.193351
-1.300000	-1.200000	19.000000	23.000000	0.366192	0.142185	0.142185
-1.300000	-1.200000	23.000000	25.000000	0.586728	0.051390	0.051390
-1.300000	-1.200000	25.000000	27.000000	0.774197	0.020658	0.020658
-1.300000	-1.200000	27.000000	30.000000	0.914204	0.013755	0.013755
-1.300000	-1.200000	30.000000	35.000000	0.974866	0.006052	0.006052
-1.300000	-1.200000	35.000000	40.000000	0.986990	0.003566	0.003566
-1.300000	-1.200000	40.000000	45.000000	0.985400	0.002416	0.002416
-1.300000	-1.200000	45.000000	50.000000	0.983412	0.002122	0.002122
-1.300000	-1.200000	50.000000	60.000000	0.988385	0.005800	0.005800
-1.300000	-1.200000	60.000000	70.000000	0.987280	0.009890	0.009890
-1.300000	-1.200000	70.000000	100.000000	0.991573	0.009636	0.009636
-1.300000	-1.200000	100.000000	500.000000	0.984410	0.007216	0.007216
-1.200000	-1.100000	10.000000	19.000000	0.000000	0.000000	0.000000
-1.200000	-1.100000	19.000000	23.000000	0.364546	0.111572	0.111572
-1.200000	-1.100000	23.000000	25.000000	0.705363	0.034111	0.034111
-1.200000	-1.100000	25.000000	27.000000	0.836726	0.015599	0.015599
-1.200000	-1.100000	27.000000	30.000000	0.935627	0.012528	0.012528
-1.200000	-1.100000	30.000000	35.000000	0.981249	0.004915	0.004915
-1.200000	-1.100000	35.000000	40.000000	0.990361	0.004249	0.004249
-1.200000	-1.100000	40.000000	45.000000	0.993839	0.001712	0.001712
-1.200000	-1.100000	45.000000	50.000000	0.992219	0.002151	0.002151
-1.200000	-1.100000	50.000000	60.000000	0.991549	0.003786	0.003786
-1.200000	-1.100000	60.000000	70.000000	0.995902	0.014063	0.014063
-1.200000	-1.100000	70.000000	100.000000	0.990944	0.008311	0.008311
-1.200000	-1.100000	100.000000	500.000000	0.986314	0.006475	0.006475
-1.100000	-1.000000	10.000000	19.000000	0.000000	1.916667	1.916667
-1.100000	-1.000000	19.000000	23.000000	0.589992	0.155609	0.155609
-1.100000	-1.000000	23.000000	25.000000	0.751716	0.039068	0.039068
-1.100000	-1.000000	25.000000	27.000000	0.893445	0.017067	0.017067
-1.100000	-1.000000	27.000000	30.000000	0.973790	0.006471	0.006471
-1.100000	-1.000000	30.000000	35.000000	0.993247	0.004512	0.004512
-1.100000	-1.000000	35.000000	40.000000	0.995734	0.001865	0.001865
-1.100000	-1.000000	40.000000	45.000000	0.994222	0.002557	0.002557
-1.100000	-1.000000	45.000000	50.000000	0.994716	0.001922	0.001922
-1.100000	-1.000000	50.000000	60.000000	0.993232	0.001747	0.001747
-1.100000	-1.000000	60.000000	70.000000	0.993384	0.005048	0.005048
-1.100000	-1.000000	70.000000	100.000000	0.996900	0.003548	0.003548
-1.100000	-1.000000	100.000000	500.000000	0.996467	0.004452	0.004452
-1.000000	-0.900000	10.000000	19.000000	0.000000	0.788908	0.788908
-1.000000	-0.900000	19.000000	23.000000	0.772895	0.723619	0.723619
-1.000000	-0.900000	23.000000	25.000000	0.903611	0.037582	0.037582
-1.000000	-0.900000	25.000000	27.000000	0.921881	0.030521	0.030521
-1.000000	-0.900000	27.000000	30.000000	0.972576	0.006118	0.006118
-1.000000	-0.900000	30.000000	35.000000	0.985880	0.002623	0.002623
-1.000000	-0.900000	35.000000	40.000000	0.989371	0.001715	0.001715
-1.000000	-0.900000	40.000000	45.000000	0.987319	0.001242	0.001242
-1.000000	-0.900000	45.000000	50.000000	0.985947	0.002516	0.002516
-1.000000	-0.900000	50.000000	60.000000	0.986137	0.003842	0.003842
-1.000000	-0.900000	60.000000	70.000000	0.984501	0.003640	0.003640
-1.000000	-0.900000	70.000000	100.000000	0.987450	0.008920	0.008920
-1.000000	-0.900000	100.000000	500.000000	0.989892	0.005616	0.005616
-0.900000	-0.800000	10.000000	19.000000	0.000000	1.410714	1.410714
-0.900000	-0.800000	19.000000	23.000000	1.033812	0.332435	0.332435
-0.900000	-0.800000	23.000000	25.000000	0.883971	0.036810	0.036810
-0.900000	-0.800000	25.000000	27.000000	0.934785	0.007167	0.007167
-0.900000	-0.800000	27.000000	30.000000	0.965923	0.005751	0.005751
-0.900000	-0.800000	30.000000	35.000000	0.981873	0.003996	0.003996
-0.900000	-0.800000	35.000000	40.000000	0.986025	0.003548	0.003548
-0.900000	-0.800000	40.000000	45.000000	0.983508	0.002106	0.002106
-0.900000	-0.800000	45.000000	50.000000	0.983092	0.001723	0.001723
-0.900000	-0.800000	50.000000	60.000000	0.983384	0.003815	0.003815
-0.900000	-0.800000	60.000000	70.000000	0.984010	0.009169	0.009169
-0.900000	-0.800000	70.000000	100.000000	0.984481	0.006109	0.006109
-0.900000	-0.800000	100.000000	500.000000	0.982341	0.011885	0.011885
-0.800000	-0.700000	10.000000	19.000000	0.000000	1.860140	1.860140
-0.800000	-0.700000	19.000000	23.000000	0.632367	0.206231	0.206231
-0.800000	-0.700000	23.000000	25.000000	0.892896	0.025788	0.025788
-0.800000	-0.700000	25.000000	27.000000	0.953174	0.008956	0.008956
-0.800000	-0.700000	27.000000	30.000000	0.986150	0.005060	0.005060
-0.800000	-0.700000	30.000000	35.000000	0.992893	0.002511	0.002511
-0.800000	-0.700000	35.000000	40.000000	0.997833	0.001748	0.001748
-0.800000	-0.700000	40.000000	45.000000	0.995419	0.002782	0.002782
-0.800000	-0.700000	45.000000	50.000000	0.994613	0.002681	0.002681
-0.800000	-0.700000	50.000000	60.000000	0.993618	0.002485	0.002485
-0.800000	-0.700000	60.000000	70.000000	0.994638	0.005818	0.005818
-0.800000	-0.700000	70.000000	100.000000	0.995358	0.010667	0.010667
-0.800000	-0.700000	100.000000	500.000000	0.995694	0.007552	0.007552
-0.700000	-0.600000	10.000000	19.000000	0.000000	12.730159	12.730159
-0.700000	-0.600000	19.000000	23.000000	0.517350	0.215832	0.215832
-0.700000	-0.600000	23.000000	25.000000	0.824661	0.023762	0.023762
-0.700000	-0.600000	25.000000	27.000000	0.945520	0.006294	0.006294
-0.700000	-0.600000	27.000000	30.000000	0.990450	0.003079	0.003079
-0.700000	-0.600000	30.000000	35.000000	1.003000	0.002039	0.002039
-0.700000	-0.600000	35.000000	40.000000	1.003110	0.002853	0.002853
-0.700000	-0.600000	40.000000	45.000000	1.001317	0.001569	0.001569
-0.700000	-0.600000	45.000000	50.000000	1.000374	0.002940	0.002940
-0.700000	-0.600000	50.000000	60.000000	1.000697	0.003831	0.003831
-0.700000	-0.600000	60.000000	70.000000	0.996018	0.007081	0.007081
-0.700000	-0.600000	70.000000	100.000000	0.999554	0.004463	0.004463
-0.700000	-0.600000	100.000000	500.000000	0.999793	0.005838	0.005838
-0.600000	-0.500000	10.000000	19.000000	0.000000	1.136691	1.136691
-0.600000	-0.500000	19.000000	23.000000	0.697682	0.202756	0.202756
-0.600000	-0.500000	23.000000	25.000000	0.849113	0.024407	0.024407
-0.600000	-0.500000	25.000000	27.000000	0.952505	0.008754	0.008754
-0.600000	-0.500000	27.000000	30.000000	0.991690	0.007017	0.007017
-0.600000	-0.500000	30.000000	35.000000	0.999056	0.003287	0.003287
-0.600000	-0.500000	35.000000	40.000000	0.997904	0.001539	0.001539
-0.600000	-0.500000	40.000000	45.000000	0.997561	0.001511	0.001511
-0.600000	-0.500000	45.000000	50.000000	0.997233	0.001259	0.001259
-0.600000	-0.500000	50.000000	60.000000	0.995970	0.004208	0.004208
-0.600000	-0.500000	60.000000	70.000000	0.996993	0.005277	0.005277
-0.600000	-0.500000	70.000000	100.000000	0.997434	0.007929	0.007929
-0.600000	-0.500000	100.000000	500.000000	0.996499	0.007683	0.007683
-0.500000	-0.400000	10.000000	19.000000	0.000000	0.742718	0.742718
-0.500000	-0.400000	19.000000	23.000000	0.690203	0.245345	0.245345
-0.500000	-0.400000	23.000000	25.000000	0.813842	0.026041	0.026041
-0.500000	-0.400000	25.000000	27.000000	0.936766	0.011162	0.011162
-0.500000	-0.400000	27.000000	30.000000	0.985049	0.007050	0.007050
-0.500000	-0.400000	30.000000	35.000000	0.990728	0.003859	0.003859
-0.500000	-0.400000	35.000000	40.000000	0.991370	0.002565	0.002565
-0.500000	-0.400000	40.000000	45.000000	0.991810	0.002454	0.002454
-0.500000	-0.400000	45.000000	50.000000	0.988883	0.002105	0.002105
-0.500000	-0.400000	50.000000	60.000000	0.992207	0.004357	0.004357
-0.500000	-0.400000	60.000000	70.000000	0.993061	0.004799	0.004799
-0.500000	-0.400000	70.000000	100.000000	0.992420	0.004012	0.004012
-0.500000	-0.400000	100.000000	500.000000	0.988140	0.006970	0.006970
-0.400000	-0.300000	10.000000	19.000000	0.000000	4.850000	4.850000
-0.400000	-0.300000	19.000000	23.000000	0.600596	0.292583	0.292583
-0.400000	-0.300000	23.000000	25.000000	0.853081	0.027267	0.027267
-0.400000	-0.300000	25.000000	27.000000	0.951700	0.012303	0.012303
-0.400000	-0.300000	27.000000	30.000000	0.979177	0.003236	0.003236
-0.400000	-0.300000	30.000000	35.000000	0.989272	0.002243	0.002243
-0.400000	-0.300000	35.000000	40.000000	0.991094	0.001864	0.001864
-0.400000	-0.300000	40.000000	45.000000	0.991544	0.001391	0.001391
-0.400000	-0.300000	45.000000	50.000000	0.991649	0.001224	0.001224
-0.400000	-0.300000	50.000000	60.000000	0.991165	0.003657	0.003657
-0.400000	-0.300000	60.000000	70.000000	0.991494	0.006682	0.006682
-0.400000	-0.300000	70.000000	100.000000	0.985660	0.005936	0.005936
-0.400000	-0.300000	100.000000	500.000000	0.998136	0.004901	0.004901
-0.300000	-0.200000	10.000000	19.000000	0.000000	1.183060	1.183060
-0.300000	-0.200000	19.000000	23.000000	0.476776	0.138224	0.138224
-0.300000	-0.200000	23.000000	25.000000	0.855097	0.018285	0.018285
-0.300000	-0.200000	25.000000	27.000000	0.945262	0.006678	0.006678
-0.300000	-0.200000	27.000000	30.000000	0.988665	0.009776	0.009776
-0.300000	-0.200000	30.000000	35.000000	0.990015	0.002078	0.002078
-0.300000	-0.200000	35.000000	40.000000	0.992782	0.002627	0.002627
-0.300000	-0.200000	40.000000	45.000000	0.991312	0.001226	0.001226
-0.300000	-0.200000	45.000000	50.000000	0.992238	0.002409	0.002409
-0.300000	-0.200000	50.000000	60.000000	0.990396	0.001625	0.001625
-0.300000	-0.200000	60.000000	70.000000	0.991099	0.005200	0.005200
-0.300000	-0.200000	70.000000	100.000000	0.994405	0.005759	0.005759
-0.300000	-0.200000	100.000000	500.000000	0.996525	0.008664	0.008664
-0.200000	-0.100000	10.000000	19.000000	0.000000	0.000000	0.000000
-0.200000	-0.100000	19.000000	23.000000	0.475709	0.249507	0.249507
-0.200000	-0.100000	23.000000	25.000000	0.819009	0.033495	0.033495
-0.200000	-0.100000	25.000000	27.000000	0.960778	0.009198	0.009198
-0.200000	-0.100000	27.000000	30.000000	0.987970	0.005063	0.005063
-0.200000	-0.100000	30.000000	35.000000	0.994355	0.002376	0.002376
-0.200000	-0.100000	35.000000	40.000000	0.997395	0.002069	0.002069
-0.200000	-0.100000	40.000000	45.000000	0.995217	0.001781	0.001781
-0.200000	-0.100000	45.000000	50.000000	0.994237	0.001279	0.001279
-0.200000	-0.100000	50.000000	60.000000	0.995804	0.003234	0.003234
-0.200000	-0.100000	60.000000	70.000000	0.994886	0.004380	0.004380
-0.200000	-0.100000	70.000000	100.000000	1.000515	0.009767	0.009767
-0.200000	-0.100000	100.000000	500.000000	0.991659	0.005826	0.005826
-0.100000	0.000000	10.000000	19.000000	0.000000	3.033613	3.033613
-0.100000	0.000000	19.000000	23.000000	0.364401	0.102881	0.102881
-0.100000	0.000000	23.000000	25.000000	0.825484	0.021671	0.021671
-0.100000	0.000000	25.000000	27.000000	0.951467	0.008595	0.008595
-0.100000	0.000000	27.000000	30.000000	0.985300	0.006024	0.006024
-0.100000	0.000000	30.000000	35.000000	0.991855	0.002462	0.002462
-0.100000	0.000000	35.000000	40.000000	0.994303	0.002040	0.002040
-0.100000	0.000000	40.000000	45.000000	0.995287	0.002016	0.002016
-0.100000	0.000000	45.000000	50.000000	0.993335	0.001530	0.001530
-0.100000	0.000000	50.000000	60.000000	0.995150	0.005230	0.005230
-0.100000	0.000000	60.000000	70.000000	0.992049	0.008606	0.008606
-0.100000	0.000000	70.000000	100.000000	0.996249	0.005976	0.005976
-0.100000	0.000000	100.000000	500.000000	0.992682	0.010088	0.010088
0.000000	0.100000	10.000000	19.000000	0.000000	1.271186	1.271186
0.000000	0.100000	19.000000	23.000000	0.646866	0.675977	0.675977
0.000000	0.100000	23.000000	25.000000	0.811016	0.018319	0.018319
0.000000	0.100000	25.000000	27.000000	0.954389	0.012154	0.012154
0.000000	0.100000	27.000000	30.000000	0.989582	0.005495	0.005495
0.000000	0.100000	30.000000	35.000000	0.995320	0.004398	0.004398
0.000000	0.100000	35.000000	40.000000	0.997719	0.001973	0.001973
0.000000	0.100000	40.000000	45.000000	0.994116	0.001617	0.001617
0.000000	0.100000	45.000000	50.000000	0.994212	0.002864	0.002864
0.000000	0.100000	50.000000	60.000000	0.997485	0.004050	0.004050
0.000000	0.100000	60.000000	70.000000	0.990110	0.004215	0.004215
0.000000	0.100000	70.000000	100.000000	0.994350	0.012985	0.012985
0.000000	0.100000	100.000000	500.000000	0.988768	0.009277	0.009277
0.100000	0.200000	10.000000	19.000000	0.000000	0.000000	0.000000
0.100000	0.200000	19.000000	23.000000	0.803098	0.378422	0.378422
0.100000	0.200000	23.000000	25.000000	0.795066	0.032556	0.032556
0.100000	0.200000	25.000000	27.000000	0.943993	0.009511	0.009511
0.100000	0.200000	27.000000	30.000000	0.974296	0.006047	0.006047
0.100000	0.200000	30.000000	35.000000	0.984882	0.004990	0.004990
0.100000	0.200000	35.000000	40.000000	0.987663	0.002010	0.002010
0.100000	0.200000	40.000000	45.000000	0.986772	0.001447	0.001447
0.100000	0.200000	45.000000	50.000000	0.984806	0.002329	0.002329
0.100000	0.200000	50.000000	60.000000	0.984394	0.003102	0.003102
0.100000	0.200000	60.000000	70.000000	0.988758	0.005185	0.005185
0.100000	0.200000	70.000000	100.000000	0.984304	0.004571	0.004571
0.100000	0.200000	100.000000	500.000000	0.990519	0.011603	0.011603
0.200000	0.300000	10.000000	19.000000	0.000000	0.000000	0.000000
0.200000	0.300000	19.000000	23.000000	0.556829	0.292813	0.292813
0.200000	0.300000	23.000000	25.000000	0.864951	0.021843	0.021843
0.200000	0.300000	25.000000	27.000000	0.937512	0.010404	0.010404
0.200000	0.300000	27.000000	30.000000	0.973513	0.005814	0.005814
0.200000	0.300000	30.000000	35.000000	0.986267	0.005387	0.005387
0.200000	0.300000	35.000000	40.000000	0.985526	0.001960	0.001960
0.200000	0.300000	40.000000	45.000000	0.985644	0.002106	0.002106
0.200000	0.300000	45.000000	50.000000	0.986528	0.002876	0.002876
0.200000	0.300000	50.000000	60.000000	0.986189	0.002639	0.002639
0.200000	0.300000	60.000000	70.000000	0.983047	0.008743	0.008743
0.200000	0.300000	70.000000	100.000000	0.991135	0.011357	0.011357
0.200000	0.300000	100.000000	500.000000	0.990974	0.005940	0.005940
0.300000	0.400000	10.000000	19.000000	0.000000	2.377049	2.377049
0.300000	0.400000	19.000000	23.000000	0.857332	0.649899	0.649899
0.300000	0.400000	23.000000	25.000000	0.866051	0.044460	0.044460
0.300000	0.400000	25.000000	27.000000	0.927313	0.011515	0.011515
0.300000	0.400000	27.000000	30.000000	0.973529	0.004030	0.004030
0.300000	0.400000	30.000000	35.000000	0.982524	0.004394	0.004394
0.300000	0.400000	35.000000	40.000000	0.983054	0.003470	0.003470
0.300000	0.400000	40.000000	45.000000	0.980544	0.001775	0.001775
0.300000	0.400000	45.000000	50.000000	0.982364	0.002454	0.002454
0.300000	0.400000	50.000000	60.000000	0.977157	0.003892	0.003892
0.300000	0.400000	60.000000	70.000000	0.980692	0.008093	0.008093
0.300000	0.400000	70.000000	100.000000	0.986037	0.005576	0.005576
0.300000	0.400000	100.000000	500.000000	0.981100	0.008740	0.008740
0.400000	0.500000	10.000000	19.000000	0.000000	9.734375	9.734375
0.400000	0.500000	19.000000	23.000000	0.827579	0.200576	0.200576
0.400000	0.500000	23.000000	25.000000	0.866319	0.034189	0.034189
0.400000	0.500000	25.000000	27.000000	0.942730	0.010062	0.010062
0.400000	0.500000	27.000000	30.000000	0.985021	0.006770	0.006770
0.400000	0.500000	30.000000	35.000000	0.988692	0.003874	0.003874
0.400000	0.500000	35.000000	40.000000	0.989524	0.003143	0.003143
0.400000	0.500000	40.000000	45.000000	0.988014	0.002511	0.002511
0.400000	0.500000	45.000000	50.000000	0.989830	0.001570	0.001570
0.400000	0.500000	50.000000	60.000000	0.985591	0.002392	0.002392
0.400000	0.500000	60.000000	70.000000	0.985319	0.010133	0.010133
0.400000	0.500000	70.000000	100.000000	0.985166	0.008747	0.008747
0.400000	0.500000	100.000000	500.000000	0.987467	0.008893	0.008893
0.500000	0.600000	10.000000	19.000000	0.000000	1.903226	1.903226
0.500000	0.600000	19.000000	23.000000	0.889077	0.390091	0.390091
0.500000	0.600000	23.000000	25.000000	0.885213	0.022038	0.022038
0.500000	0.600000	25.000000	27.000000	0.950312	0.008359	0.008359
0.500000	0.600000	27.000000	30.000000	0.986374	0.006437	0.006437
0.500000	0.600000	30.000000	35.000000	0.991725	0.002782	0.002782
0.500000	0.600000	35.000000	40.000000	0.994638	0.001931	0.001931
0.500000	0.600000	40.000000	45.000000	0.992890	0.002650	0.002650
0.500000	0.600000	45.000000	50.000000	0.993092	0.003065	0.003065
0.500000	0.600000	50.000000	60.000000	0.989247	0.005224	0.005224
0.500000	0.600000	60.000000	70.000000	0.989767	0.007970	0.007970
0.500000	0.600000	70.000000	100.000000	0.998993	0.006680	0.006680
0.500000	0.600000	100.000000	500.000000	0.993818	0.005020	0.005020
0.600000	0.700000	10.000000	19.000000	0.000000	1.579710	1.579710
0.600000	0.700000	19.000000	23.000000	0.519612	0.766057	0.766057
0.600000	0.700000	23.000000	25.000000	0.894927	0.045121	0.045121
0.600000	0.700000	25.000000	27.000000	0.947830	0.008417	0.008417
0.600000	0.700000	27.000000	30.000000	0.994609	0.006268	0.006268
0.600000	0.700000	30.000000	35.000000	0.997010	0.002448	0.002448
0.600000	0.700000	35.000000	40.000000	0.997393	0.001939	0.001939
0.600000	0.700000	40.000000	45.000000	0.993287	0.001260	0.001260
0.600000	0.700000	45.000000	50.000000	0.991903	0.001702	0.001702
0.600000	0.700000	50.000000	60.000000	0.993153	0.001815	0.001815
0.600000	0.700000	60.000000	70.000000	0.996467	0.003797	0.003797
0.600000	0.700000	70.000000	100.000000	0.992245	0.005995	0.005995
0.600000	0.700000	100.000000	500.000000	0.989480	0.007946	0.007946
0.700000	0.800000	10.000000	19.000000	0.000000	0.700000	0.700000
0.700000	0.800000	19.000000	23.000000	0.877695	0.221621	0.221621
0.700000	0.800000	23.000000	25.000000	0.836077	0.041574	0.041574
0.700000	0.800000	25.000000	27.000000	0.938074	0.009201	0.009201
0.700000	0.800000	27.000000	30.000000	0.968706	0.008671	0.008671
0.700000	0.800000	30.000000	35.000000	0.983694	0.003139	0.003139
0.700000	0.800000	35.000000	40.000000	0.987336	0.002010	0.002010
0.700000	0.800000	40.000000	45.000000	0.984546	0.002563	0.002563
0.700000	0.800000	45.000000	50.000000	0.983143	0.001514	0.001514
0.700000	0.800000	50.000000	60.000000	0.985017	0.003613	0.003613
0.700000	0.800000	60.000000	70.000000	0.981771	0.006940	0.006940
0.700000	0.800000	70.000000	100.000000	0.978563	0.008028	0.008028
0.700000	0.800000	100.000000	500.000000	0.989336	0.013590	0.013590
0.800000	0.900000	10.000000	19.000000	0.000000	1.515759	1.515759
0.800000	0.900000	19.000000	23.000000	0.974214	0.384162	0.384162
0.800000	0.900000	23.000000	25.000000	0.894312	0.041479	0.041479
0.800000	0.900000	25.000000	27.000000	0.938969	0.012441	0.012441
0.800000	0.900000	27.000000	30.000000	0.988555	0.004443	0.004443
0.800000	0.900000	30.000000	35.000000	0.998901	0.005419	0.005419
0.800000	0.900000	35.000000	40.000000	0.997104	0.001617	0.001617
0.800000	0.900000	40.000000	45.000000	0.994269	0.001453	0.001453
0.800000	0.900000	45.000000	50.000000	0.993033	0.002585	0.002585
0.800000	0.900000	50.000000	60.000000	0.993892	0.003206	0.003206
0.800000	0.900000	60.000000	70.000000	0.992007	0.008532	0.008532
0.800000	0.900000	70.000000	100.000000	0.994148	0.006552	0.006552
0.800000	0.900000	100.000000	500.000000	0.998520	0.005728	0.005728
0.900000	1.000000	10.000000	19.000000	0.000000	0.000000	0.000000
0.900000	1.000000	19.000000	23.000000	0.827645	0.650673	0.650673
0.900000	1.000000	23.000000	25.000000	0.885929	0.029290	0.029290
0.900000	1.000000	25.000000	27.000000	0.928238	0.008548	0.008548
0.900000	1.000000	27.000000	30.000000	0.988900	0.003629	0.003629
0.900000	1.000000	30.000000	35.000000	0.995859	0.002191	0.002191
0.900000	1.000000	35.000000	40.000000	0.998626	0.002112	0.002112
0.900000	1.000000	40.000000	45.000000	0.997525	0.001212	0.001212
0.900000	1.000000	45.000000	50.000000	0.996335	0.001388	0.001388
0.900000	1.000000	50.000000	60.000000	0.994708	0.003787	0.003787
0.900000	1.000000	60.000000	70.000000	0.993057	0.007491	0.007491
0.900000	1.000000	70.000000	100.000000	0.996897	0.005812	0.005812
0.900000	1.000000	100.000000	500.000000	1.000690	0.007254	0.007254
1.000000	1.100000	10.000000	19.000000	0.000000	0.316609	0.316609
1.000000	1.100000	19.000000	23.000000	0.805997	0.294444	0.294444
1.000000	1.100000	23.000000	25.000000	0.762440	0.030263	0.030263
1.000000	1.100000	25.000000	27.000000	0.895690	0.017686	0.017686
1.000000	1.100000	27.000000	30.000000	0.974189	0.006488	0.006488
1.000000	1.100000	30.000000	35.000000	0.997087	0.005657	0.005657
1.000000	1.100000	35.000000	40.000000	0.999467	0.002987	0.002987
1.000000	1.100000	40.000000	45.000000	0.996108	0.001756	0.001756
1.000000	1.100000	45.000000	50.000000	0.997338	0.001501	0.001501
1.000000	1.100000	50.000000	60.000000	0.996787	0.002645	0.002645
1.000000	1.100000	60.000000	70.000000	0.999335	0.010582	0.010582
1.000000	1.100000	70.000000	100.000000	0.992535	0.020007	0.020007
1.000000	1.100000	100.000000	500.000000	0.995798	0.006810	0.006810
1.100000	1.200000	10.000000	19.000000	0.000000	0.529268	0.529268
1.100000	1.200000	19.000000	23.000000	0.697110	0.169002	0.169002
1.100000	1.200000	23.000000	25.000000	0.741784	0.041690	0.041690
1.100000	1.200000	25.000000	27.000000	0.841825	0.013243	0.013243
1.100000	1.200000	27.000000	30.000000	0.943106	0.010131	0.010131
1.100000	1.200000	30.000000	35.000000	0.988260	0.006640	0.006640
1.100000	1.200000	35.000000	40.000000	0.998091	0.002378	0.002378
1.100000	1.200000	40.000000	45.000000	0.998798	0.004389	0.004389
1.100000	1.200000	45.000000	50.000000	0.999518	0.001929	0.001929
1.100000	1.200000	50.000000	60.000000	0.997529	0.002622	0.002622
1.100000	1.200000	60.000000	70.000000	1.001365	0.008328	0.008328
1.100000	1.200000	70.000000	100.000000	0.998589	0.009763	0.009763
1.100000	1.200000	100.000000	500.000000	0.995803	0.006820	0.006820
1.200000	1.300000	10.000000	19.000000	0.000000	0.340524	0.340524
1.200000	1.300000	19.000000	23.000000	0.660901	0.356035	0.356035
1.200000	1.300000	23.000000	25.000000	0.676359	0.039614	0.039614
1.200000	1.300000	25.000000	27.000000	0.809761	0.026344	0.026344
1.200000	1.300000	27.000000	30.000000	0.922974	0.014987	0.014987
1.200000	1.300000	30.000000	35.000000	0.976053	0.004788	0.004788
1.200000	1.300000	35.000000	40.000000	0.986862	0.002509	0.002509
1.200000	1.300000	40.000000	45.000000	0.989504	0.003832	0.003832
1.200000	1.300000	45.000000	50.000000	0.988649	0.002850	0.002850
1.200000	1.300000	50.000000	60.000000	0.986709	0.006383	0.006383
1.200000	1.300000	60.000000	70.000000	0.993513	0.015764	0.015764
1.200000	1.300000	70.000000	100.000000	0.996375	0.005909	0.005909
1.200000	1.300000	100.000000	500.000000	0.986963	0.008928	0.008928
1.300000	1.400000	10.000000	19.000000	2.833333	6.355583	6.355583
1.300000	1.400000	19.000000	23.000000	0.388811	0.214680	0.214680
1.300000	1.400000	23.000000	25.000000	0.551361	0.052512	0.052512
1.300000	1.400000	25.000000	27.000000	0.748607	0.017716	0.017716
1.300000	1.400000	27.000000	30.000000	0.909258	0.015494	0.015494
1.300000	1.400000	30.000000	35.000000	0.963594	0.008737	0.008737
1.300000	1.400000	35.000000	40.000000	0.982282	0.002823	0.002823
1.300000	1.400000	40.000000	45.000000	0.982342	0.002268	0.002268
1.300000	1.400000	45.000000	50.000000	0.982623	0.002076	0.002076
1.300000	1.400000	50.000000	60.000000	0.988785	0.003672	0.003672
1.300000	1.400000	60.000000	70.000000	0.988769	0.011668	0.011668
1.300000	1.400000	70.000000	100.000000	0.986871	0.011809	0.011809
1.300000	1.400000	100.000000	500.000000	0.983136	0.020148	0.020148
1.400000	1.500000	10.000000	19.000000	0.000000	0.000000	0.000000
1.400000	1.500000	19.000000	23.000000	0.535958	0.600210	0.600210
1.400000	1.500000	23.000000	25.000000	0.483206	0.100026	0.100026
1.400000	1.500000	25.000000	27.000000	0.700134	0.029202	0.029202
1.400000	1.500000	27.000000	30.000000	0.870202	0.030677	0.030677
1.400000	1.500000	30.000000	35.000000	0.958919	0.005360	0.005360
1.400000	1.500000	35.000000	40.000000	0.980826	0.004425	0.004425
1.400000	1.500000	40.000000	45.000000	0.981250	0.005390	0.005390
1.400000	1.500000	45.000000	50.000000	0.979378	0.003289	0.003289
1.400000	1.500000	50.000000	60.000000	0.988155	0.006485	0.006485
1.400000	1.500000	60.000000	70.000000	0.986394	0.013422	0.013422
1.400000	1.500000	70.000000	100.000000	0.994203	0.006472	0.006472
1.400000	1.500000	100.000000	500.000000	0.985514	0.011342	0.011342
1.500000	1.600000	10.000000	19.000000	2.569948	5.221331	5.221331
1.500000	1.600000	19.000000	23.000000	1.068337	0.788741	0.788741
1.500000	1.600000	23.000000	25.000000	0.938333	0.096470	0.096470
1.500000	1.600000	25.000000	27.000000	0.783817	0.091432	0.091432
1.500000	1.600000	27.000000	30.000000	0.868059	0.019991	0.019991
1.500000	1.600000	30.000000	35.000000	0.964090	0.008607	0.008607
1.500000	1.600000	35.000000	40.000000	0.983137	0.004299	0.004299
1.500000	1.600000	40.000000	45.000000	0.983953	0.004913	0.004913
1.500000	1.600000	45.000000	50.000000	0.986153	0.002806	0.002806
1.500000	1.600000	50.000000	60.000000	0.986238	0.004946	0.004946
1.500000	1.600000	60.000000	70.000000	0.995101	0.018162	0.018162
1.500000	1.600000	70.000000	100.000000	0.983161	0.014229	0.014229
1.500000	1.600000	100.000000	500.000000	0.969586	0.014728	0.014728
1.600000	1.700000	10.000000	19.000000	2.015267	3.246884	3.246884
1.600000	1.700000	19.000000	23.000000	0.450022	0.179939	0.179939
1.600000	1.700000	23.000000	25.000000	0.778646	0.056221	0.056221
1.600000	1.700000	25.000000	27.000000	0.823946	0.029798	0.029798
1.600000	1.700000	27.000000	30.000000	0.905114	0.015331	0.015331
1.600000	1.700000	30.000000	35.000000	0.970888	0.003307	0.003307
1.600000	1.700000	35.000000	40.000000	0.985284	0.003412	0.003412
1.600000	1.700000	40.000000	45.000000	0.988360	0.001599	0.001599
1.600000	1.700000	45.000000	50.000000	0.992799	0.001817	0.001817
1.600000	1.700000	50.000000	60.000000	0.993376	0.002530	0.002530
1.600000	1.700000	60.000000	70.000000	0.994951	0.008661	0.008661
1.600000	1.700000	70.000000	100.000000	0.988405	0.008609	0.008609
1.600000	1.700000	100.000000	500.000000	0.987415	0.011065	0.011065
1.700000	1.800000	10.000000	19.000000	0.000000	0.000000	0.000000
1.700000	1.800000	19.000000	23.000000	0.237524	0.069357	0.069357
1.700000	1.800000	23.000000	25.000000	0.669800	0.039423	0.039423
1.700000	1.800000	25.000000	27.000000	0.815253	0.025414	0.025414
1.700000	1.800000	27.000000	30.000000	0.921877	0.008619	0.008619
1.700000	1.800000	30.000000	35.000000	0.978255	0.003947	0.003947
1.700000	1.800000	35.000000	40.000000	0.990738	0.002278	0.002278
1.700000	1.800000	40.000000	45.000000	0.993607	0.001556	0.001556
1.700000	1.800000	45.000000	50.000000	0.995191	0.001350	0.001350
1.700000	1.800000	50.000000	60.000000	0.998652	0.002388	0.002388
1.700000	1.800000	60.000000	70.000000	0.994668	0.006889	0.006889
1.700000	1.800000	70.000000	100.000000	0.995678	0.004054	0.004054
1.700000	1.800000	100.000000	500.000000	1.001032	0.008665	0.008665
1.800000	1.900000	10.000000	19.000000	2.424658	4.736541	4.736541
1.800000	1.900000	19.000000	23.000000	0.386688	0.068266	0.068266
1.800000	1.900000	23.000000	25.000000	0.776974	0.051208	0.051208
1.800000	1.900000	25.000000	27.000000	0.905416	0.014133	0.014133
1.800000	1.900000	27.000000	30.000000	0.942869	0.006009	0.006009
1.800000	1.900000	30.000000	35.000000	0.974228	0.004133	0.004133
1.800000	1.900000	35.000000	40.000000	0.987429	0.002289	0.002289
1.800000	1.900000	40.000000	45.000000	0.988693	0.001322	0.001322
1.800000	1.900000	45.000000	50.000000	0.992882	0.001400	0.001400
1.800000	1.900000	50.000000	60.000000	0.995888	0.002417	0.002417
1.800000	1.900000	60.000000	70.000000	0.995942	0.008111	0.008111
1.800000	1.900000	70.000000	100.000000	0.999629	0.003302	0.003302
1.800000	1.900000	100.000000	500.000000	0.998053	0.004403	0.004403
1.900000	2.000000	10.000000	19.000000	0.000000	0.000000	0.000000
1.900000	2.000000	19.000000	23.000000	0.522514	0.167591	0.167591
1.900000	2.000000	23.000000	25.000000	1.064092	0.061376	0.061376
1.900000	2.000000	25.000000	27.000000	1.019448	0.042727	0.042727
1.900000	2.000000	27.000000	30.000000	0.981998	0.007950	0.007950
1.900000	2.000000	30.000000	35.000000	0.982086	0.003475	0.003475
1.900000	2.000000	35.000000	40.000000	0.988730	0.001978	0.001978
1.900000	2.000000	40.000000	45.000000	0.993225	0.001410	0.001410
1.900000	2.000000	45.000000	50.000000	0.994492	0.001415	0.001415
1.900000	2.000000	50.000000	60.000000	0.994895	0.003499	0.003499
1.900000	2.000000	60.000000	70.000000	0.992971	0.006734	0.006734
1.900000	2.000000	70.000000	100.000000	0.996833	0.013858	0.013858
1.900000	2.000000	100.000000	500.000000	0.997713	0.003844	0.003844
2.000000	2.100000	10.000000	19.000000	2.616438	5.853809	5.853809
2.000000	2.100000	19.000000	23.000000	0.839010	0.308977	0.308977
2.000000	2.100000	23.000000	25.000000	1.209588	0.071725	0.071725
2.000000	2.100000	25.000000	27.000000	1.105399	0.018239	0.018239
2.000000	2.100000	27.000000	30.000000	1.024976	0.011581	0.011581
2.000000	2.100000	30.000000	35.000000	0.996475	0.003585	0.003585
2.000000	2.100000	35.000000	40.000000	0.999100	0.003013	0.003013
2.000000	2.100000	40.000000	45.000000	0.999124	0.002792	0.002792
2.000000	2.100000	45.000000	50.000000	0.999380	0.002139	0.002139
2.000000	2.100000	50.000000	60.000000	1.000043	0.003406	0.003406
2.000000	2.100000	60.000000	70.000000	1.000560	0.002689	0.002689
2.000000	2.100000	70.000000	100.000000	0.997961	0.007056	0.007056
2.000000	2.100000	100.000000	500.000000	0.999455	0.003338	0.003338
2.100000	2.200000	10.000000	19.000000	0.000000	0.000000	0.000000
2.100000	2.200000	19.000000	23.000000	0.925491	0.316930	0.316930
2.100000	2.200000	23.000000	25.000000	1.316084	0.131798	0.131798
2.100000	2.200000	25.000000	27.000000	1.104026	0.035120	0.035120
2.100000	2.200000	27.000000	30.000000	0.997240	0.006511	0.006511
2.100000	2.200000	30.000000	35.000000	0.983953	0.006631	0.006631
2.100000	2.200000	35.000000	40.000000	0.989216	0.003104	0.003104
2.100000	2.200000	40.000000	45.000000	0.989865	0.002492	0.002492
2.100000	2.200000	45.000000	50.000000	0.991290	0.003165	0.003165
2.100000	2.200000	50.000000	60.000000	0.988195	0.003001	0.003001
2.100000	2.200000	60.000000	70.000000	0.986960	0.006641	0.006641
2.100000	2.200000	70.000000	100.000000	0.989330	0.005247	0.005247
2.100000	2.200000	100.000000	500.000000	1.002649	0.012170	0.012170
2.200000	2.300000	10.000000	19.000000	2.404494	5.387645	5.387645
2.200000	2.300000	19.000000	23.000000	0.763672	0.197685	0.197685
2.200000	2.300000	23.000000	25.000000	1.195808	0.104611	0.104611
2.200000	2.300000	25.000000	27.000000	1.035505	0.046576	0.046576
2.200000	2.300000	27.000000	30.000000	0.986531	0.006802	0.006802
2.200000	2.300000	30.000000	35.000000	0.987264	0.004424	0.004424
2.200000	2.300000	35.000000	40.000000	0.986101	0.002740	0.002740
2.200000	2.300000	40.000000	45.000000	0.986204	0.002742	0.002742
2.200000	2.300000	45.000000	50.000000	0.985208	0.002076	0.002076
2.200000	2.300000	50.000000	60.000000	0.982043	0.003400	0.003400
2.200000	2.300000	60.000000	70.000000	0.985265	0.008303	0.008303
2.200000	2.300000	70.000000	100.000000	0.992250	0.007006	0.007006
2.200000	2.300000	100.000000	500.000000	0.986728	0.011891	0.011891
2.300000	2.400000	10.000000	19.000000	2.642857	5.290492	5.290492
2.300000	2.400000	19.000000	23.000000	0.872394	0.166862	0.166862
2.300000	2.400000	23.000000	25.000000	0.770521	0.103124	0.103124
2.300000	2.400000	25.000000	27.000000	0.938518	0.022870	0.022870
2.300000	2.400000	27.000000	30.000000	1.014059	0.011208	0.011208
2.300000	2.400000	30.000000	35.000000	1.025685	0.006570	0.006570
2.300000	2.400000	35.000000	40.000000	1.016775	0.004948	0.004948
2.300000	2.400000	40.000000	45.000000	1.010327	0.003121	0.003121
2.300000	2.400000	45.000000	50.000000	1.009975	0.003870	0.003870
2.300000	2.400000	50.000000	60.000000	1.004860	0.003040	0.003040
2.300000	2.400000	60.000000	70.000000	0.992994	0.005940	0.005940
2.300000	2.400000	70.000000	100.000000	0.992322	0.006086	0.006086
2.300000	2.400000	100.000000	500.000000	1.000624	0.007039	0.007039
2.400000	2.500000	10.000000	19.000000	2.863212	3.593556	3.593556
2.400000	2.500000	19.000000	23.000000	0.674982	0.093973	0.093973
2.400000	2.500000	23.000000	25.000000	0.655486	0.066740	0.066740
2.400000	2.500000	25.000000	27.000000	0.843399	0.032509	0.032509
2.400000	2.500000	27.000000	30.000000	1.015226	0.014626	0.014626
2.400000	2.500000	30.000000	35.000000	1.031659	0.016315	0.016315
2.400000	2.500000	35.000000	40.000000	1.030316	0.017740	0.017740
2.400000	2.500000	40.000000	45.000000	1.029016	0.009255	0.009255
2.400000	2.500000	45.000000	50.000000	1.028669	0.007937	0.007937
2.400000	2.500000	50.000000	60.000000	1.021020	0.011733	0.011733
2.400000	2.500000	60.000000	70.000000	1.015758	0.022617	0.022617
2.400000	2.500000	70.000000	100.000000	1.020637	0.032228	0.032228
2.400000	2.500000	100.000000	500.000000	1.012048	0.059493	0.059493
