0   0.9   15   20   0.993927   0.00335904   0.0124362 
0   0.9   20   25   1.00244   0.00170426   0.0112062 
0   0.9   25   30   0.997209   0.000874354   0.00791524 
0   0.9   30   40   0.997434   0.000249046   0.00150922 
0   0.9   40   50   0.997874   0.0001354   7.54234e-05 
0   0.9   50   60   0.997927   0.000236461   0.000528281 
0   0.9   60   120   0.998787   0.000330842   0.000274884 
0.9   1.2   15   20   1.01951   0.00533945   0.00947862 
0.9   1.2   20   25   1.00415   0.00299226   0.0164091 
0.9   1.2   25   30   1.00832   0.00162009   0.00731209 
0.9   1.2   30   40   1.00262   0.000464812   0.000611247 
0.9   1.2   40   50   0.999579   0.000255757   0.0018179 
0.9   1.2   50   60   0.999115   0.000440449   0.000361321 
0.9   1.2   60   120   1.00077   0.000618918   0.00048447 
1.2   2.1   15   20   1.02854   0.00240432   0.00606454 
1.2   2.1   20   25   1.02325   0.00139364   0.00710515 
1.2   2.1   25   30   1.01674   0.000799595   0.00555894 
1.2   2.1   30   40   1.00646   0.00026234   0.000390042 
1.2   2.1   40   50   1.0025   0.00015001   0.000222848 
1.2   2.1   50   60   1.00101   0.000263289   0.000234513 
1.2   2.1   60   120   1.00035   0.000380685   0.00020493 
2.1   2.4   15   20   1.02876   0.00368779   0.00484189 
2.1   2.4   20   25   1.02503   0.00227352   0.00454561 
2.1   2.4   25   30   1.01579   0.00126386   0.00300805 
2.1   2.4   30   40   1.00643   0.00044966   0.000346937 
2.1   2.4   40   50   1.00298   0.000303816   0.00051999 
2.1   2.4   50   60   1.00071   0.000511564   0.00104827 
2.1   2.4   60   120   1.00041   0.000802307   0.000577397 
