0   0.9   29   30   0.922184   0.000658836   0.000432116 
0   0.9   30   40   0.936786   0.000138852   9.28086e-05 
0   0.9   40   50   0.948771   0.000113213   1.6577e-05 
0   0.9   50   60   0.952998   0.000239582   8.63577e-06 
0   0.9   60   120   0.954035   0.000359453   1.14816e-05 
0   0.9   120   200   0.94908   0.00163598   0.000276881 
0.9   1.2   29   30   0.899369   0.00148093   0.000710515 
0.9   1.2   30   40   0.928625   0.000282512   0.000157974 
0.9   1.2   40   50   0.947295   0.000206303   1.4054e-05 
0.9   1.2   50   60   0.954069   0.000423649   3.96636e-05 
0.9   1.2   60   120   0.958249   0.000624598   9.2018e-05 
0.9   1.2   120   200   0.951405   0.00289185   8.52462e-05 
1.2   2.1   29   30   0.801083   0.00122557   0.00108679 
1.2   2.1   30   40   0.837674   0.000267988   0.000178417 
1.2   2.1   40   50   0.863786   0.000207041   1.81056e-05 
1.2   2.1   50   60   0.875813   0.000434908   1.09458e-05 
1.2   2.1   60   120   0.882444   0.000661587   7.51533e-05 
1.2   2.1   120   200   0.887214   0.00294537   0.000255411 
2.1   2.4   29   30   0.710593   0.00275386   0.000913953 
2.1   2.4   30   40   0.760443   0.000641732   0.000253276 
2.1   2.4   40   50   0.7846   0.000582893   4.04541e-05 
2.1   2.4   50   60   0.793066   0.00123847   0.000107019 
2.1   2.4   60   120   0.799232   0.00195259   0.000130521 
2.1   2.4   120   200   0.775248   0.00996953   0.000392595 
