0   0.9   29   30   0.894964   0.000494392   0.000964748 
0   0.9   30   40   0.913307   0.000104534   0.000525032 
0   0.9   40   50   0.925001   9.24895e-05   3.29771e-05 
0   0.9   50   60   0.92775   0.000184401   0.000100697 
0   0.9   60   120   0.927997   0.000267571   0.000617915 
0   0.9   120   200   0.922198   0.00119599   0.000791063 
0.9   1.2   29   30   0.858977   0.00112037   0.000840557 
0.9   1.2   30   40   0.885907   0.000231962   0.000383736 
0.9   1.2   40   50   0.903601   0.000186119   3.88903e-05 
0.9   1.2   50   60   0.908542   0.000367094   0.000200313 
0.9   1.2   60   120   0.906793   0.000539394   0.0007149 
0.9   1.2   120   200   0.896641   0.00247146   0.00209292 
1.2   2.1   29   30   0.808843   0.000793098   0.00149747 
1.2   2.1   30   40   0.85226   0.000162372   0.00101236 
1.2   2.1   40   50   0.878138   0.000135196   0.000422857 
1.2   2.1   50   60   0.887515   0.000260675   0.00020334 
1.2   2.1   60   120   0.892253   0.000377093   0.00020596 
1.2   2.1   120   200   0.888569   0.00170421   0.00136126 
2.1   2.4   29   30   0.611967   0.00200107   0.00321368 
2.1   2.4   30   40   0.718192   0.000466481   0.00091615 
2.1   2.4   40   50   0.774105   0.000415097   0.000305871 
2.1   2.4   50   60   0.794389   0.000791221   0.000348432 
2.1   2.4   60   120   0.804946   0.0011552   0.000128438 
2.1   2.4   120   200   0.811987   0.0054281   0.000771416 
0   0.9   0   29   0   0   0
0.9   1.2   0   29   0   0   0
1.2   2.1   0   29   0   0   0
2.1   2.4   0   29   0   0   0
