0   0.9   15   20   0.988974   0.000995113   0.000637212 
0   0.9   20   25   0.990164   0.00056009   0.000810211 
0   0.9   25   30   0.989451   0.000344579   0.000183358 
0   0.9   30   40   0.989059   0.000144399   0.000154346 
0   0.9   40   50   0.98857   0.000125918   0.000132341 
0   0.9   50   60   0.988174   0.000280472   0.000827237 
0   0.9   60   120   0.987164   0.000468731   0.000765131 
0.9   1.2   15   20   0.983866   0.0014413   0.00171886 
0.9   1.2   20   25   0.982059   0.000899492   0.00122089 
0.9   1.2   25   30   0.981626   0.000559714   0.000463059 
0.9   1.2   30   40   0.98268   0.000244649   0.000719033 
0.9   1.2   40   50   0.983211   0.000211888   0.000209426 
0.9   1.2   50   60   0.982402   0.000445482   0.000861453 
0.9   1.2   60   120   0.982699   0.000824019   0.00165595 
1.2   2.1   15   20   0.989727   0.00055758   0.00176743 
1.2   2.1   20   25   0.989417   0.000358572   0.000580253 
1.2   2.1   25   30   0.99081   0.000246773   0.000404839 
1.2   2.1   30   40   0.990917   0.000118003   0.000145133 
1.2   2.1   40   50   0.991361   0.00010735   0.000224858 
1.2   2.1   50   60   0.990127   0.000242502   0.00124867 
1.2   2.1   60   120   0.989353   0.000445086   0.00246396 
2.1   2.4   15   20   0.972957   0.00142674   0.00105094 
2.1   2.4   20   25   0.974061   0.0010263   0.00182459 
2.1   2.4   25   30   0.976031   0.000725074   0.000855767 
2.1   2.4   30   40   0.975336   0.000382948   0.000730247 
2.1   2.4   40   50   0.97526   0.000416994   0.000929971 
2.1   2.4   50   60   0.970358   0.000962009   0.00417951 
2.1   2.4   60   120   0.967762   0.00180163   0.00767118 
