0   0.9   0   0.9   0.980702   0.00406234   0.00174793 
0   0.9   0.9   1.2   0.978913   0.00774456   0.00310714 
0   0.9   1.2   2.1   0.977925   0.00524425   0.000289307 
0   0.9   2.1   2.4   0.994601   0.0109112   0.000815018 
0.9   1.2   0   0.9   0.979641   0.00804785   0.00399947 
0.9   1.2   0.9   1.2   0.97935   0.0139329   0.00139553 
0.9   1.2   1.2   2.1   0.984792   0.00897397   0.00509339 
0.9   1.2   2.1   2.4   0.963261   0.0211709   0.00161052 
1.2   2.1   0   0.9   1.00994   0.0058702   0.000589398 
1.2   2.1   0.9   1.2   1.01938   0.00919017   0.00107452 
1.2   2.1   1.2   2.1   1.00698   0.00579028   0.00122062 
1.2   2.1   2.1   2.4   1.01645   0.00957275   0.00105486 
2.1   2.4   0   0.9   1.03573   0.0238543   0.0136015 
2.1   2.4   0.9   1.2   1.0218   0.0292876   0.00425872 
2.1   2.4   1.2   2.1   1.01174   0.0152851   0.00100894 
2.1   2.4   2.1   2.4   1.01805   0.0267921   0.0144957 
