-2.6   -2.5   -30.8333   10   0   0   0
-2.6   -2.5   10   12   0   0   0
-2.6   -2.5   12   15   0   0   0
-2.6   -2.5   15   18   0   0   0
-2.6   -2.5   18   20   0   0   0
-2.6   -2.5   20   25   0   0   0
-2.6   -2.5   25   30   0   0   0
-2.6   -2.5   30   35   0   0   0
-2.6   -2.5   35   40   0   0   0
-2.6   -2.5   40   45   0   0   0
-2.6   -2.5   45   70   0   0   0
-2.6   -2.5   70   100   0   0   0
-2.6   -2.5   100   500   0   0   0
-2.5   -2.4   -30.8333   10   0   0   0
-2.5   -2.4   10   12   0.0745771   0.0384734   0.0384734
-2.5   -2.4   12   15   0.532601   0.0345658   0.0345658
-2.5   -2.4   15   18   0.754612   0.0277348   0.0277348
-2.5   -2.4   18   20   0.782698   0.0245871   0.0245871
-2.5   -2.4   20   25   0.835007   0.011904   0.011904
-2.5   -2.4   25   30   0.892668   0.00814602   0.00814602
-2.5   -2.4   30   35   0.94196   0.00636268   0.00636268
-2.5   -2.4   35   40   0.957576   0.00440449   0.00440449
-2.5   -2.4   40   45   0.962254   0.00309414   0.00309414
-2.5   -2.4   45   70   0.964391   0.00330699   0.00330699
-2.5   -2.4   70   100   0.982304   0.0137658   0.0137658
-2.5   -2.4   100   500   0.971771   0.0187148   0.0187148
-2.4   -2.3   -30.8333   10   0   0   0
-2.4   -2.3   10   12   0.0740909   0.0379807   0.0379807
-2.4   -2.3   12   15   0.594285   0.0272379   0.0272379
-2.4   -2.3   15   18   0.788638   0.024177   0.024177
-2.4   -2.3   18   20   0.860142   0.0209981   0.0209981
-2.4   -2.3   20   25   0.892617   0.0108902   0.0108902
-2.4   -2.3   25   30   0.944682   0.00761789   0.00761789
-2.4   -2.3   30   35   0.972786   0.00287495   0.00287495
-2.4   -2.3   35   40   0.989656   0.00230132   0.00230132
-2.4   -2.3   40   45   1.00467   0.00219359   0.00219359
-2.4   -2.3   45   70   0.996098   0.00192347   0.00192347
-2.4   -2.3   70   100   0.990355   0.00944446   0.00944446
-2.4   -2.3   100   500   0.988787   0.00870121   0.00870121
-2.3   -2.2   -30.8333   10   0   0   0
-2.3   -2.2   10   12   0.0785903   0.0227114   0.0227114
-2.3   -2.2   12   15   0.675137   0.0228482   0.0228482
-2.3   -2.2   15   18   0.848214   0.0157391   0.0157391
-2.3   -2.2   18   20   0.90427   0.0188011   0.0188011
-2.3   -2.2   20   25   0.937605   0.00783629   0.00783629
-2.3   -2.2   25   30   0.970552   0.00645419   0.00645419
-2.3   -2.2   30   35   0.987283   0.00218876   0.00218876
-2.3   -2.2   35   40   0.996613   0.0031807   0.0031807
-2.3   -2.2   40   45   0.992963   0.00155587   0.00155587
-2.3   -2.2   45   70   0.992607   0.00132187   0.00132187
-2.3   -2.2   70   100   0.982359   0.00618626   0.00618626
-2.3   -2.2   100   500   0.995594   0.0051873   0.0051873
-2.2   -2.1   -30.8333   10   0   0   0
-2.2   -2.1   10   12   0.15421   0.0380114   0.0380114
-2.2   -2.1   12   15   0.715819   0.0562347   0.0562347
-2.2   -2.1   15   18   0.915702   0.0166189   0.0166189
-2.2   -2.1   18   20   0.972811   0.020306   0.020306
-2.2   -2.1   20   25   0.982724   0.00599421   0.00599421
-2.2   -2.1   25   30   1.00291   0.00429826   0.00429826
-2.2   -2.1   30   35   1.0001   0.00515249   0.00515249
-2.2   -2.1   35   40   1.00656   0.00162386   0.00162386
-2.2   -2.1   40   45   0.99939   0.00128249   0.00128249
-2.2   -2.1   45   70   1.0003   0.00157908   0.00157908
-2.2   -2.1   70   100   0.998494   0.00501024   0.00501024
-2.2   -2.1   100   500   0.998299   0.00278835   0.00278835
-2.1   -2   -30.8333   10   0   0   0
-2.1   -2   10   12   0.173177   0.044811   0.044811
-2.1   -2   12   15   0.78196   0.031799   0.031799
-2.1   -2   15   18   0.933647   0.0130786   0.0130786
-2.1   -2   18   20   0.984313   0.0130732   0.0130732
-2.1   -2   20   25   0.996539   0.00500548   0.00500548
-2.1   -2   25   30   1.00882   0.00663559   0.00663559
-2.1   -2   30   35   0.998363   0.00494694   0.00494694
-2.1   -2   35   40   1.00102   0.00220016   0.00220016
-2.1   -2   40   45   1.00051   0.00105796   0.00105796
-2.1   -2   45   70   1.0001   0.00112821   0.00112821
-2.1   -2   70   100   0.998593   0.0040253   0.0040253
-2.1   -2   100   500   1.0016   0.0046973   0.0046973
-2   -1.9   -30.8333   10   0   0   0
-2   -1.9   10   12   0.381948   0.0917961   0.0917961
-2   -1.9   12   15   0.747801   0.0284653   0.0284653
-2   -1.9   15   18   0.913348   0.0153907   0.0153907
-2   -1.9   18   20   0.977852   0.0184125   0.0184125
-2   -1.9   20   25   0.993559   0.00485139   0.00485139
-2   -1.9   25   30   0.999792   0.00367876   0.00367876
-2   -1.9   30   35   0.999282   0.00248797   0.00248797
-2   -1.9   35   40   0.996538   0.00168391   0.00168391
-2   -1.9   40   45   0.994923   0.00108193   0.00108193
-2   -1.9   45   70   0.993827   0.000952983   0.000952983
-2   -1.9   70   100   0.987617   0.00567945   0.00567945
-2   -1.9   100   500   0.995398   0.00522325   0.00522325
-1.9   -1.8   -30.8333   10   0   0   0
-1.9   -1.8   10   12   0.756469   0.219042   0.219042
-1.9   -1.8   12   15   0.810256   0.0325512   0.0325512
-1.9   -1.8   15   18   0.904345   0.019353   0.019353
-1.9   -1.8   18   20   0.966952   0.0129768   0.0129768
-1.9   -1.8   20   25   1.00095   0.0038311   0.0038311
-1.9   -1.8   25   30   1.0037   0.00206799   0.00206799
-1.9   -1.8   30   35   1.0049   0.00143994   0.00143994
-1.9   -1.8   35   40   1.00305   0.00226675   0.00226675
-1.9   -1.8   40   45   0.999193   0.00253544   0.00253544
-1.9   -1.8   45   70   0.998891   0.000774441   0.000774441
-1.9   -1.8   70   100   0.995589   0.00271979   0.00271979
-1.9   -1.8   100   500   1.0005   0.000788031   0.000788031
-1.8   -1.7   -30.8333   10   0   0   0
-1.8   -1.7   10   12   0.907757   0.40949   0.40949
-1.8   -1.7   12   15   0.798319   0.0308983   0.0308983
-1.8   -1.7   15   18   0.900513   0.0148412   0.0148412
-1.8   -1.7   18   20   0.948464   0.0132417   0.0132417
-1.8   -1.7   20   25   0.992776   0.00718013   0.00718013
-1.8   -1.7   25   30   0.997931   0.00674319   0.00674319
-1.8   -1.7   30   35   1.00268   0.00270519   0.00270519
-1.8   -1.7   35   40   1.00204   0.00181263   0.00181263
-1.8   -1.7   40   45   0.998482   0.000915926   0.000915926
-1.8   -1.7   45   70   0.997372   0.00124696   0.00124696
-1.8   -1.7   70   100   1.00141   0.00263959   0.00263959
-1.8   -1.7   100   500   1.00301   0.00186955   0.00186955
-1.7   -1.6   -30.8333   10   0   0   0
-1.7   -1.6   10   12   1.19024   0.309627   0.309627
-1.7   -1.6   12   15   0.791181   0.0365301   0.0365301
-1.7   -1.6   15   18   0.926618   0.0223313   0.0223313
-1.7   -1.6   18   20   0.969977   0.0179627   0.0179627
-1.7   -1.6   20   25   0.984101   0.00600979   0.00600979
-1.7   -1.6   25   30   0.997477   0.00304409   0.00304409
-1.7   -1.6   30   35   0.999273   0.00196387   0.00196387
-1.7   -1.6   35   40   1.00247   0.00195389   0.00195389
-1.7   -1.6   40   45   0.997558   0.00102667   0.00102667
-1.7   -1.6   45   70   0.996054   0.00109284   0.00109284
-1.7   -1.6   70   100   0.998592   0.00393623   0.00393623
-1.7   -1.6   100   500   1.0006   0.00481947   0.00481947
-1.6   -1.5   -30.8333   10   0   0   0
-1.6   -1.5   10   12   0.886742   0.34176   0.34176
-1.6   -1.5   12   15   0.93835   0.0584957   0.0584957
-1.6   -1.5   15   18   0.988037   0.025553   0.025553
-1.6   -1.5   18   20   1.03769   0.0193448   0.0193448
-1.6   -1.5   20   25   1.02131   0.0141908   0.0141908
-1.6   -1.5   25   30   1.01045   0.00604602   0.00604602
-1.6   -1.5   30   35   1.00318   0.00405085   0.00405085
-1.6   -1.5   35   40   1.0022   0.00197651   0.00197651
-1.6   -1.5   40   45   0.999381   0.00226582   0.00226582
-1.6   -1.5   45   70   0.999284   0.00152334   0.00152334
-1.6   -1.5   70   100   1.00163   0.00883306   0.00883306
-1.6   -1.5   100   500   0.992263   0.00563451   0.00563451
-1.5   -1.4   -30.8333   10   0   0   0
-1.5   -1.4   10   12   1.72659   0.404277   0.404277
-1.5   -1.4   12   15   1.06774   0.0460088   0.0460088
-1.5   -1.4   15   18   1.00133   0.0115984   0.0115984
-1.5   -1.4   18   20   1.0012   0.010964   0.010964
-1.5   -1.4   20   25   1.00352   0.00531262   0.00531262
-1.5   -1.4   25   30   1.01324   0.00456745   0.00456745
-1.5   -1.4   30   35   0.999379   0.00193577   0.00193577
-1.5   -1.4   35   40   0.989437   0.00237033   0.00237033
-1.5   -1.4   40   45   0.997218   0.00232775   0.00232775
-1.5   -1.4   45   70   0.993561   0.00163981   0.00163981
-1.5   -1.4   70   100   0.972417   0.0066157   0.0066157
-1.5   -1.4   100   500   0.938386   0.01263   0.01263
-1.4   -1.3   -30.8333   10   0   0   0
-1.4   -1.3   10   12   4.11429   1.2009   1.2009
-1.4   -1.3   12   15   1.19291   0.162608   0.162608
-1.4   -1.3   15   18   1.0252   0.0151743   0.0151743
-1.4   -1.3   18   20   1.00661   0.0393137   0.0393137
-1.4   -1.3   20   25   1.0148   0.00548159   0.00548159
-1.4   -1.3   25   30   1.00694   0.00353435   0.00353435
-1.4   -1.3   30   35   1.00303   0.00187223   0.00187223
-1.4   -1.3   35   40   0.99742   0.00128363   0.00128363
-1.4   -1.3   40   45   0.996821   0.00107433   0.00107433
-1.4   -1.3   45   70   0.996014   0.00105041   0.00105041
-1.4   -1.3   70   100   0.998786   0.00353615   0.00353615
-1.4   -1.3   100   500   0.992035   0.00827317   0.00827317
-1.3   -1.2   -30.8333   10   0   0   0
-1.3   -1.2   10   12   2.53953   0.640178   0.640178
-1.3   -1.2   12   15   1.07209   0.0450665   0.0450665
-1.3   -1.2   15   18   1.02354   0.0201949   0.0201949
-1.3   -1.2   18   20   1.01495   0.013846   0.013846
-1.3   -1.2   20   25   1.00788   0.00798071   0.00798071
-1.3   -1.2   25   30   0.998397   0.00411689   0.00411689
-1.3   -1.2   30   35   0.996109   0.0022763   0.0022763
-1.3   -1.2   35   40   0.994287   0.00239296   0.00239296
-1.3   -1.2   40   45   0.996074   0.00171673   0.00171673
-1.3   -1.2   45   70   0.993731   0.00137078   0.00137078
-1.3   -1.2   70   100   0.99411   0.00400162   0.00400162
-1.3   -1.2   100   500   1.00171   0.00526596   0.00526596
-1.2   -1.1   -30.8333   10   0   0   0
-1.2   -1.1   10   12   3.33333   0.688826   0.688826
-1.2   -1.1   12   15   1.07863   0.0281886   0.0281886
-1.2   -1.1   15   18   0.979479   0.0119874   0.0119874
-1.2   -1.1   18   20   0.984595   0.029723   0.029723
-1.2   -1.1   20   25   1.00312   0.00420219   0.00420219
-1.2   -1.1   25   30   0.997987   0.00424178   0.00424178
-1.2   -1.1   30   35   0.997797   0.00335572   0.00335572
-1.2   -1.1   35   40   0.995322   0.00378262   0.00378262
-1.2   -1.1   40   45   0.995358   0.00120515   0.00120515
-1.2   -1.1   45   70   0.99475   0.0019119   0.0019119
-1.2   -1.1   70   100   0.993504   0.00405786   0.00405786
-1.2   -1.1   100   500   0.992124   0.00659606   0.00659606
-1.1   -1   -30.8333   10   0   0   0
-1.1   -1   10   12   2.4392   0.676748   0.676748
-1.1   -1   12   15   1.02057   0.0241588   0.0241588
-1.1   -1   15   18   1.00319   0.0162106   0.0162106
-1.1   -1   18   20   1.00453   0.0157161   0.0157161
-1.1   -1   20   25   1.00527   0.005771   0.005771
-1.1   -1   25   30   1.00465   0.00306846   0.00306846
-1.1   -1   30   35   1.00512   0.00165943   0.00165943
-1.1   -1   35   40   1.00021   0.00128347   0.00128347
-1.1   -1   40   45   0.997331   0.0010554   0.0010554
-1.1   -1   45   70   0.996916   0.00112476   0.00112476
-1.1   -1   70   100   0.996143   0.00334823   0.00334823
-1.1   -1   100   500   0.991316   0.00435819   0.00435819
-1   -0.9   -30.8333   10   0   0   0
-1   -0.9   10   12   3.55854   0.964424   0.964424
-1   -0.9   12   15   1.0241   0.0343968   0.0343968
-1   -0.9   15   18   0.984725   0.00950746   0.00950746
-1   -0.9   18   20   0.993494   0.012272   0.012272
-1   -0.9   20   25   0.995521   0.00562864   0.00562864
-1   -0.9   25   30   0.992962   0.00342147   0.00342147
-1   -0.9   30   35   0.995956   0.00170817   0.00170817
-1   -0.9   35   40   0.992497   0.00132889   0.00132889
-1   -0.9   40   45   0.990996   0.00126429   0.00126429
-1   -0.9   45   70   0.990676   0.000974876   0.000974876
-1   -0.9   70   100   0.989208   0.00366562   0.00366562
-1   -0.9   100   500   0.992229   0.00644804   0.00644804
-0.9   -0.8   -30.8333   10   0   0   0
-0.9   -0.8   10   12   3.3952   2.06276   2.06276
-0.9   -0.8   12   15   1.05092   0.0242099   0.0242099
-0.9   -0.8   15   18   0.987953   0.0200975   0.0200975
-0.9   -0.8   18   20   1.00409   0.00862331   0.00862331
-0.9   -0.8   20   25   1.00118   0.0051949   0.0051949
-0.9   -0.8   25   30   0.991274   0.0031469   0.0031469
-0.9   -0.8   30   35   0.987776   0.00159338   0.00159338
-0.9   -0.8   35   40   0.988912   0.00106425   0.00106425
-0.9   -0.8   40   45   0.986301   0.00160837   0.00160837
-0.9   -0.8   45   70   0.986405   0.00122516   0.00122516
-0.9   -0.8   70   100   0.990467   0.00381968   0.00381968
-0.9   -0.8   100   500   0.97911   0.00685624   0.00685624
-0.8   -0.7   -30.8333   10   0   0   0
-0.8   -0.7   10   12   2.38416   0.464779   0.464779
-0.8   -0.7   12   15   1.02747   0.0333382   0.0333382
-0.8   -0.7   15   18   0.976998   0.0113039   0.0113039
-0.8   -0.7   18   20   1.00258   0.00933817   0.00933817
-0.8   -0.7   20   25   1.00426   0.00641183   0.00641183
-0.8   -0.7   25   30   0.994736   0.00395104   0.00395104
-0.8   -0.7   30   35   1.00208   0.00191665   0.00191665
-0.8   -0.7   35   40   0.996193   0.00156345   0.00156345
-0.8   -0.7   40   45   0.997742   0.00195461   0.00195461
-0.8   -0.7   45   70   0.997142   0.000847598   0.000847598
-0.8   -0.7   70   100   0.993099   0.00374515   0.00374515
-0.8   -0.7   100   500   0.990169   0.00679111   0.00679111
-0.7   -0.6   -30.8333   10   0   0   0
-0.7   -0.6   10   12   2.9432   0.539656   0.539656
-0.7   -0.6   12   15   0.987111   0.0194714   0.0194714
-0.7   -0.6   15   18   0.994089   0.00867249   0.00867249
-0.7   -0.6   18   20   1.01077   0.0113264   0.0113264
-0.7   -0.6   20   25   1.00212   0.00706898   0.00706898
-0.7   -0.6   25   30   0.994675   0.00227267   0.00227267
-0.7   -0.6   30   35   0.996477   0.00140067   0.00140067
-0.7   -0.6   35   40   0.996092   0.00121468   0.00121468
-0.7   -0.6   40   45   0.996821   0.000893078   0.000893078
-0.7   -0.6   45   70   0.995815   0.000769524   0.000769524
-0.7   -0.6   70   100   0.998784   0.00359999   0.00359999
-0.7   -0.6   100   500   0.987758   0.00655318   0.00655318
-0.6   -0.5   -30.8333   10   0   0   0
-0.6   -0.5   10   12   2.93695   1.03105   1.03105
-0.6   -0.5   12   15   0.977028   0.0281776   0.0281776
-0.6   -0.5   15   18   1.00107   0.00832952   0.00832952
-0.6   -0.5   18   20   0.998385   0.0116534   0.0116534
-0.6   -0.5   20   25   1.00254   0.00516334   0.00516334
-0.6   -0.5   25   30   0.99551   0.0044107   0.0044107
-0.6   -0.5   30   35   0.994411   0.00188532   0.00188532
-0.6   -0.5   35   40   0.995059   0.00158626   0.00158626
-0.6   -0.5   40   45   0.993441   0.00123776   0.00123776
-0.6   -0.5   45   70   0.993575   0.000747786   0.000747786
-0.6   -0.5   70   100   0.991817   0.00588249   0.00588249
-0.6   -0.5   100   500   0.992997   0.0093315   0.0093315
-0.5   -0.4   -30.8333   10   0   0   0
-0.5   -0.4   10   12   2.4531   0.490603   0.490603
-0.5   -0.4   12   15   0.961936   0.0313685   0.0313685
-0.5   -0.4   15   18   0.974029   0.010192   0.010192
-0.5   -0.4   18   20   0.995464   0.0110336   0.0110336
-0.5   -0.4   20   25   1.00481   0.0059376   0.0059376
-0.5   -0.4   25   30   0.981576   0.00276349   0.00276349
-0.5   -0.4   30   35   0.989132   0.00267304   0.00267304
-0.5   -0.4   35   40   0.989169   0.0011953   0.0011953
-0.5   -0.4   40   45   0.988497   0.000987363   0.000987363
-0.5   -0.4   45   70   0.990292   0.00104955   0.00104955
-0.5   -0.4   70   100   0.995337   0.00405615   0.00405615
-0.5   -0.4   100   500   0.989846   0.00539729   0.00539729
-0.4   -0.3   -30.8333   10   0   0   0
-0.4   -0.3   10   12   2.50054   1.15017   1.15017
-0.4   -0.3   12   15   1.01038   0.0273427   0.0273427
-0.4   -0.3   15   18   0.976333   0.0218788   0.0218788
-0.4   -0.3   18   20   0.968737   0.0124436   0.0124436
-0.4   -0.3   20   25   0.977321   0.00446554   0.00446554
-0.4   -0.3   25   30   0.965842   0.00258626   0.00258626
-0.4   -0.3   30   35   0.975096   0.00174548   0.00174548
-0.4   -0.3   35   40   0.985171   0.00117353   0.00117353
-0.4   -0.3   40   45   0.984098   0.0016016   0.0016016
-0.4   -0.3   45   70   0.986607   0.00103618   0.00103618
-0.4   -0.3   70   100   0.986021   0.00362786   0.00362786
-0.4   -0.3   100   500   0.981926   0.00537303   0.00537303
-0.3   -0.2   -30.8333   10   0   0   0
-0.3   -0.2   10   12   4.34114   1.14526   1.14526
-0.3   -0.2   12   15   0.946691   0.0305058   0.0305058
-0.3   -0.2   15   18   0.966457   0.0105915   0.0105915
-0.3   -0.2   18   20   0.995141   0.0228384   0.0228384
-0.3   -0.2   20   25   0.981034   0.00855723   0.00855723
-0.3   -0.2   25   30   0.975914   0.00524691   0.00524691
-0.3   -0.2   30   35   0.97993   0.00183167   0.00183167
-0.3   -0.2   35   40   0.982575   0.00168031   0.00168031
-0.3   -0.2   40   45   0.983437   0.000981267   0.000981267
-0.3   -0.2   45   70   0.988274   0.00122737   0.00122737
-0.3   -0.2   70   100   0.993825   0.0033781   0.0033781
-0.3   -0.2   100   500   0.991406   0.00506997   0.00506997
-0.2   -0.1   -30.8333   10   0   0   0
-0.2   -0.1   10   12   2.94479   1.23882   1.23882
-0.2   -0.1   12   15   0.995268   0.0207182   0.0207182
-0.2   -0.1   15   18   0.97605   0.0130616   0.0130616
-0.2   -0.1   18   20   0.983725   0.0106883   0.0106883
-0.2   -0.1   20   25   0.983172   0.0039092   0.0039092
-0.2   -0.1   25   30   0.980256   0.00258683   0.00258683
-0.2   -0.1   30   35   0.983474   0.00172062   0.00172062
-0.2   -0.1   35   40   0.988601   0.00107425   0.00107425
-0.2   -0.1   40   45   0.987508   0.00100522   0.00100522
-0.2   -0.1   45   70   0.992448   0.000768448   0.000768448
-0.2   -0.1   70   100   0.992512   0.00267696   0.00267696
-0.2   -0.1   100   500   0.995863   0.00981037   0.00981037
-0.1   0   -30.8333   10   0   0   0
-0.1   0   10   12   3.10198   0.849893   0.849893
-0.1   0   12   15   0.956416   0.0277777   0.0277777
-0.1   0   15   18   0.95702   0.0132112   0.0132112
-0.1   0   18   20   0.957635   0.0132217   0.0132217
-0.1   0   20   25   0.970322   0.00450512   0.00450512
-0.1   0   25   30   0.959028   0.00506101   0.00506101
-0.1   0   30   35   0.969525   0.0020855   0.0020855
-0.1   0   35   40   0.980494   0.00241928   0.00241928
-0.1   0   40   45   0.982748   0.00141815   0.00141815
-0.1   0   45   70   0.98673   0.00108516   0.00108516
-0.1   0   70   100   0.995806   0.00431848   0.00431848
-0.1   0   100   500   0.999694   0.00622364   0.00622364
0   0.1   -30.8333   10   0   0   0
0   0.1   10   12   3.18945   1.55518   1.55518
0   0.1   12   15   0.927669   0.0455609   0.0455609
0   0.1   15   18   0.951103   0.0120022   0.0120022
0   0.1   18   20   0.965479   0.0115478   0.0115478
0   0.1   20   25   0.969642   0.00457052   0.00457052
0   0.1   25   30   0.955018   0.00307006   0.00307006
0   0.1   30   35   0.965036   0.00263883   0.00263883
0   0.1   35   40   0.977471   0.00199623   0.00199623
0   0.1   40   45   0.979748   0.00117859   0.00117859
0   0.1   45   70   0.985598   0.00154226   0.00154226
0   0.1   70   100   0.992106   0.00774694   0.00774694
0   0.1   100   500   0.993883   0.00563032   0.00563032
0.1   0.2   -30.8333   10   0   0   0
0.1   0.2   10   12   4.63705   2.70629   2.70629
0.1   0.2   12   15   0.982484   0.0206352   0.0206352
0.1   0.2   15   18   0.969559   0.0147169   0.0147169
0.1   0.2   18   20   0.97413   0.013454   0.013454
0.1   0.2   20   25   0.966457   0.00549075   0.00549075
0.1   0.2   25   30   0.969097   0.00334124   0.00334124
0.1   0.2   30   35   0.970963   0.00193877   0.00193877
0.1   0.2   35   40   0.975457   0.00123281   0.00123281
0.1   0.2   40   45   0.978386   0.00100169   0.00100169
0.1   0.2   45   70   0.979806   0.00170136   0.00170136
0.1   0.2   70   100   0.991369   0.00558428   0.00558428
0.1   0.2   100   500   0.984948   0.00610405   0.00610405
0.2   0.3   -30.8333   10   0   0   0
0.2   0.3   10   12   3.7323   3.02448   3.02448
0.2   0.3   12   15   1.00037   0.0383949   0.0383949
0.2   0.3   15   18   0.963884   0.0124869   0.0124869
0.2   0.3   18   20   0.984311   0.016009   0.016009
0.2   0.3   20   25   0.972024   0.00387343   0.00387343
0.2   0.3   25   30   0.964716   0.00287834   0.00287834
0.2   0.3   30   35   0.973862   0.00171847   0.00171847
0.2   0.3   35   40   0.973792   0.00157902   0.00157902
0.2   0.3   40   45   0.974803   0.00124145   0.00124145
0.2   0.3   45   70   0.978767   0.00116462   0.00116462
0.2   0.3   70   100   0.984388   0.00527235   0.00527235
0.2   0.3   100   500   0.987591   0.00568328   0.00568328
0.3   0.4   -30.8333   10   0   0   0
0.3   0.4   10   12   3.71245   0.784046   0.784046
0.3   0.4   12   15   1.02405   0.0488448   0.0488448
0.3   0.4   15   18   0.955483   0.0215354   0.0215354
0.3   0.4   18   20   0.961938   0.0139239   0.0139239
0.3   0.4   20   25   0.965804   0.00453009   0.00453009
0.3   0.4   25   30   0.956704   0.00515939   0.00515939
0.3   0.4   30   35   0.966868   0.00179064   0.00179064
0.3   0.4   35   40   0.971255   0.00170843   0.00170843
0.3   0.4   40   45   0.971496   0.00100515   0.00100515
0.3   0.4   45   70   0.972606   0.000942275   0.000942275
0.3   0.4   70   100   0.984077   0.00341489   0.00341489
0.3   0.4   100   500   0.977183   0.00481786   0.00481786
0.4   0.5   -30.8333   10   0   0   0
0.4   0.5   10   12   2.73729   1.04156   1.04156
0.4   0.5   12   15   0.986271   0.0362515   0.0362515
0.4   0.5   15   18   0.974765   0.01143   0.01143
0.4   0.5   18   20   0.971135   0.0255491   0.0255491
0.4   0.5   20   25   0.984615   0.00399665   0.00399665
0.4   0.5   25   30   0.975628   0.00255158   0.00255158
0.4   0.5   30   35   0.97522   0.00263816   0.00263816
0.4   0.5   35   40   0.979988   0.00119104   0.00119104
0.4   0.5   40   45   0.979765   0.000910411   0.000910411
0.4   0.5   45   70   0.983097   0.00109867   0.00109867
0.4   0.5   70   100   0.983754   0.00342805   0.00342805
0.4   0.5   100   500   0.978944   0.00577103   0.00577103
0.5   0.6   -30.8333   10   0   0   0
0.5   0.6   10   12   3.38908   1.17223   1.17223
0.5   0.6   12   15   1.04376   0.0359279   0.0359279
0.5   0.6   15   18   0.994746   0.0107691   0.0107691
0.5   0.6   18   20   0.99199   0.011534   0.011534
0.5   0.6   20   25   1.00021   0.0039698   0.0039698
0.5   0.6   25   30   0.985107   0.00217649   0.00217649
0.5   0.6   30   35   0.990737   0.00154864   0.00154864
0.5   0.6   35   40   0.990387   0.00108812   0.00108812
0.5   0.6   40   45   0.988793   0.00138658   0.00138658
0.5   0.6   45   70   0.990665   0.000679427   0.000679427
0.5   0.6   70   100   0.98872   0.00268154   0.00268154
0.5   0.6   100   500   0.990256   0.00383988   0.00383988
0.6   0.7   -30.8333   10   0   0   0
0.6   0.7   10   12   4.43215   1.21607   1.21607
0.6   0.7   12   15   1.06381   0.0194712   0.0194712
0.6   0.7   15   18   1.00172   0.00878439   0.00878439
0.6   0.7   18   20   1.01288   0.00942123   0.00942123
0.6   0.7   20   25   1.01111   0.0120942   0.0120942
0.6   0.7   25   30   0.992201   0.00229155   0.00229155
0.6   0.7   30   35   0.996591   0.00231881   0.00231881
0.6   0.7   35   40   0.994366   0.0014171   0.0014171
0.6   0.7   40   45   0.994082   0.00109083   0.00109083
0.6   0.7   45   70   0.992384   0.000876887   0.000876887
0.6   0.7   70   100   0.993543   0.00453862   0.00453862
0.6   0.7   100   500   0.992864   0.00421809   0.00421809
0.7   0.8   -30.8333   10   0   0   0
0.7   0.8   10   12   2.61111   3.52761   3.52761
0.7   0.8   12   15   1.04987   0.0382957   0.0382957
0.7   0.8   15   18   0.987496   0.00842855   0.00842855
0.7   0.8   18   20   0.99591   0.00970815   0.00970815
0.7   0.8   20   25   1.00416   0.00409989   0.00409989
0.7   0.8   25   30   0.99473   0.00374458   0.00374458
0.7   0.8   30   35   0.994079   0.00155607   0.00155607
0.7   0.8   35   40   0.986474   0.00156113   0.00156113
0.7   0.8   40   45   0.988241   0.000961422   0.000961422
0.7   0.8   45   70   0.989007   0.00110052   0.00110052
0.7   0.8   70   100   0.977403   0.00942198   0.00942198
0.7   0.8   100   500   0.981873   0.00530479   0.00530479
0.8   0.9   -30.8333   10   0   0   0
0.8   0.9   10   12   3.24026   0.99654   0.99654
0.8   0.9   12   15   1.04955   0.0225536   0.0225536
0.8   0.9   15   18   1.00695   0.0102466   0.0102466
0.8   0.9   18   20   1.01023   0.00846134   0.00846134
0.8   0.9   20   25   1.00234   0.00765159   0.00765159
0.8   0.9   25   30   0.996232   0.00267032   0.00267032
0.8   0.9   30   35   0.997413   0.00273711   0.00273711
0.8   0.9   35   40   0.993858   0.00273366   0.00273366
0.8   0.9   40   45   0.992757   0.00115869   0.00115869
0.8   0.9   45   70   0.992356   0.00109341   0.00109341
0.8   0.9   70   100   0.991378   0.00609667   0.00609667
0.8   0.9   100   500   0.994364   0.00420976   0.00420976
0.9   1   -30.8333   10   0   0   0
0.9   1   10   12   3.93924   0.928695   0.928695
0.9   1   12   15   1.07748   0.0383266   0.0383266
0.9   1   15   18   0.990849   0.0115345   0.0115345
0.9   1   18   20   1.00635   0.0117422   0.0117422
0.9   1   20   25   0.994991   0.00440399   0.00440399
0.9   1   25   30   1.0001   0.0026506   0.0026506
0.9   1   30   35   0.993992   0.00230035   0.00230035
0.9   1   35   40   0.993234   0.000987042   0.000987042
0.9   1   40   45   0.991724   0.000852864   0.000852864
0.9   1   45   70   0.992837   0.0010499   0.0010499
0.9   1   70   100   0.991063   0.00586469   0.00586469
0.9   1   100   500   0.985471   0.00495586   0.00495586
1   1.1   -30.8333   10   0   0   0
1   1.1   10   12   3.25049   1.7447   1.7447
1   1.1   12   15   1.08907   0.0243934   0.0243934
1   1.1   15   18   1.00502   0.0227145   0.0227145
1   1.1   18   20   0.994924   0.0166991   0.0166991
1   1.1   20   25   1.0016   0.00569038   0.00569038
1   1.1   25   30   1.00211   0.00256992   0.00256992
1   1.1   30   35   0.995945   0.00304333   0.00304333
1   1.1   35   40   0.998864   0.00144804   0.00144804
1   1.1   40   45   0.993146   0.00102465   0.00102465
1   1.1   45   70   0.992836   0.00086055   0.00086055
1   1.1   70   100   0.992426   0.00371924   0.00371924
1   1.1   100   500   0.980595   0.00679325   0.00679325
1.1   1.2   -30.8333   10   0   0   0
1.1   1.2   10   12   3.40156   1.07824   1.07824
1.1   1.2   12   15   1.07206   0.0478255   0.0478255
1.1   1.2   15   18   0.979477   0.0130462   0.0130462
1.1   1.2   18   20   1.00337   0.00967533   0.00967533
1.1   1.2   20   25   1.00664   0.00597508   0.00597508
1.1   1.2   25   30   0.999471   0.00536382   0.00536382
1.1   1.2   30   35   1.00105   0.00176761   0.00176761
1.1   1.2   35   40   0.999896   0.00130375   0.00130375
1.1   1.2   40   45   0.998664   0.00103781   0.00103781
1.1   1.2   45   70   0.995696   0.00245255   0.00245255
1.1   1.2   70   100   0.995753   0.00329967   0.00329967
1.1   1.2   100   500   0.990544   0.00424508   0.00424508
1.2   1.3   -30.8333   10   0   0   0
1.2   1.3   10   12   5.61889   3.59393   3.59393
1.2   1.3   12   15   1.11699   0.0367071   0.0367071
1.2   1.3   15   18   1.03786   0.0153726   0.0153726
1.2   1.3   18   20   1.03451   0.0183781   0.0183781
1.2   1.3   20   25   1.02597   0.00876533   0.00876533
1.2   1.3   25   30   1.01213   0.0084913   0.0084913
1.2   1.3   30   35   1.01128   0.00407682   0.00407682
1.2   1.3   35   40   1.00405   0.00167625   0.00167625
1.2   1.3   40   45   1.00268   0.00147648   0.00147648
1.2   1.3   45   70   0.999384   0.00169382   0.00169382
1.2   1.3   70   100   0.994137   0.00917229   0.00917229
1.2   1.3   100   500   0.996985   0.0035709   0.0035709
1.3   1.4   -30.8333   10   0   0   0
1.3   1.4   10   12   10.1515   7.07901   7.07901
1.3   1.4   12   15   1.16163   0.0648567   0.0648567
1.3   1.4   15   18   1.01391   0.0202745   0.0202745
1.3   1.4   18   20   1.03061   0.0166991   0.0166991
1.3   1.4   20   25   1.00402   0.00779315   0.00779315
1.3   1.4   25   30   1.00743   0.00346931   0.00346931
1.3   1.4   30   35   1.00166   0.00185943   0.00185943
1.3   1.4   35   40   1.00041   0.00217233   0.00217233
1.3   1.4   40   45   1.00133   0.00114227   0.00114227
1.3   1.4   45   70   1.00072   0.0012048   0.0012048
1.3   1.4   70   100   0.99737   0.00301517   0.00301517
1.3   1.4   100   500   1.00171   0.0026817   0.0026817
1.4   1.5   -30.8333   10   0   0   0
1.4   1.5   10   12   1.69547   0.508439   0.508439
1.4   1.5   12   15   1.07632   0.0550372   0.0550372
1.4   1.5   15   18   1.02144   0.0136013   0.0136013
1.4   1.5   18   20   1.01481   0.0148085   0.0148085
1.4   1.5   20   25   1.01664   0.0128151   0.0128151
1.4   1.5   25   30   1.01411   0.00351169   0.00351169
1.4   1.5   30   35   1.00465   0.00251845   0.00251845
1.4   1.5   35   40   0.990994   0.00168969   0.00168969
1.4   1.5   40   45   1.00021   0.00130308   0.00130308
1.4   1.5   45   70   0.999488   0.00167234   0.00167234
1.4   1.5   70   100   0.96036   0.00688852   0.00688852
1.4   1.5   100   500   0.948316   0.00976303   0.00976303
1.5   1.6   -30.8333   10   0   0   0
1.5   1.6   10   12   0.952432   0.278031   0.278031
1.5   1.6   12   15   0.879899   0.0505704   0.0505704
1.5   1.6   15   18   0.972744   0.0211834   0.0211834
1.5   1.6   18   20   0.960127   0.0268221   0.0268221
1.5   1.6   20   25   1.00692   0.00712373   0.00712373
1.5   1.6   25   30   1.0045   0.00376342   0.00376342
1.5   1.6   30   35   0.998951   0.00424678   0.00424678
1.5   1.6   35   40   0.998546   0.00199955   0.00199955
1.5   1.6   40   45   1.00062   0.00143026   0.00143026
1.5   1.6   45   70   0.996235   0.00237834   0.00237834
1.5   1.6   70   100   0.996263   0.00530352   0.00530352
1.5   1.6   100   500   1.00101   0.00535146   0.00535146
1.6   1.7   -30.8333   10   0   0   0
1.6   1.7   10   12   1.4947   0.390358   0.390358
1.6   1.7   12   15   0.899902   0.0398632   0.0398632
1.6   1.7   15   18   0.915571   0.0164671   0.0164671
1.6   1.7   18   20   0.962409   0.0223221   0.0223221
1.6   1.7   20   25   0.992206   0.00599716   0.00599716
1.6   1.7   25   30   0.99396   0.003777   0.003777
1.6   1.7   30   35   1.00227   0.00188533   0.00188533
1.6   1.7   35   40   1.00133   0.00158419   0.00158419
1.6   1.7   40   45   0.998376   0.00126966   0.00126966
1.6   1.7   45   70   0.997879   0.00124839   0.00124839
1.6   1.7   70   100   0.998794   0.0023582   0.0023582
1.6   1.7   100   500   0.993693   0.00344363   0.00344363
1.7   1.8   -30.8333   10   0   0   0
1.7   1.8   10   12   1.26904   0.882413   0.882413
1.7   1.8   12   15   0.889266   0.0415791   0.0415791
1.7   1.8   15   18   0.886372   0.0221354   0.0221354
1.7   1.8   18   20   0.958609   0.0114847   0.0114847
1.7   1.8   20   25   0.996723   0.00861741   0.00861741
1.7   1.8   25   30   1.00238   0.00578531   0.00578531
1.7   1.8   30   35   1.00041   0.00189087   0.00189087
1.7   1.8   35   40   1.0045   0.00269749   0.00269749
1.7   1.8   40   45   0.997776   0.00151487   0.00151487
1.7   1.8   45   70   0.994655   0.00144305   0.00144305
1.7   1.8   70   100   0.997387   0.00271463   0.00271463
1.7   1.8   100   500   0.998296   0.00444044   0.00444044
1.8   1.9   -30.8333   10   0   0   0
1.8   1.9   10   12   1.17804   0.336078   0.336078
1.8   1.9   12   15   0.814774   0.0353228   0.0353228
1.8   1.9   15   18   0.90335   0.0151926   0.0151926
1.8   1.9   18   20   0.939906   0.016065   0.016065
1.8   1.9   20   25   0.984775   0.00423324   0.00423324
1.8   1.9   25   30   0.992384   0.00262031   0.00262031
1.8   1.9   30   35   0.993355   0.00269192   0.00269192
1.8   1.9   35   40   0.995016   0.00233677   0.00233677
1.8   1.9   40   45   0.991823   0.00142764   0.00142764
1.8   1.9   45   70   0.991927   0.000923059   0.000923059
1.8   1.9   70   100   0.993576   0.00360111   0.00360111
1.8   1.9   100   500   0.994792   0.0041512   0.0041512
1.9   2   -30.8333   10   0   0   0
1.9   2   10   12   0.604167   0.158307   0.158307
1.9   2   12   15   0.785295   0.027508   0.027508
1.9   2   15   18   0.899674   0.0193865   0.0193865
1.9   2   18   20   0.949866   0.0154925   0.0154925
1.9   2   20   25   0.98194   0.00701219   0.00701219
1.9   2   25   30   0.9938   0.00370003   0.00370003
1.9   2   30   35   0.999384   0.00203597   0.00203597
1.9   2   35   40   0.997866   0.00116242   0.00116242
1.9   2   40   45   0.998681   0.00113402   0.00113402
1.9   2   45   70   0.999089   0.00194358   0.00194358
1.9   2   70   100   0.996573   0.00339919   0.00339919
1.9   2   100   500   0.9998   0.00332371   0.00332371
2   2.1   -30.8333   10   0   0   0
2   2.1   10   12   0.34796   0.105382   0.105382
2   2.1   12   15   0.812187   0.0375936   0.0375936
2   2.1   15   18   0.904511   0.0132525   0.0132525
2   2.1   18   20   0.948952   0.0109697   0.0109697
2   2.1   20   25   0.989618   0.00837407   0.00837407
2   2.1   25   30   0.996593   0.00304425   0.00304425
2   2.1   30   35   0.996325   0.00434739   0.00434739
2   2.1   35   40   1.00184   0.00162142   0.00162142
2   2.1   40   45   1.00244   0.00240095   0.00240095
2   2.1   45   70   0.999191   0.00181677   0.00181677
2   2.1   70   100   0.995381   0.00316056   0.00316056
2   2.1   100   500   1.0008   0.00390482   0.00390482
2.1   2.2   -30.8333   10   0   0   0
2.1   2.2   10   12   0.244212   0.0627792   0.0627792
2.1   2.2   12   15   0.76244   0.0307919   0.0307919
2.1   2.2   15   18   0.867955   0.0152109   0.0152109
2.1   2.2   18   20   0.923966   0.0160798   0.0160798
2.1   2.2   20   25   0.944544   0.00743157   0.00743157
2.1   2.2   25   30   0.970775   0.00486428   0.00486428
2.1   2.2   30   35   0.977464   0.00300758   0.00300758
2.1   2.2   35   40   0.99754   0.00184777   0.00184777
2.1   2.2   40   45   0.995719   0.00192115   0.00192115
2.1   2.2   45   70   0.992992   0.00213078   0.00213078
2.1   2.2   70   100   0.994383   0.00452327   0.00452327
2.1   2.2   100   500   0.988592   0.0122093   0.0122093
2.2   2.3   -30.8333   10   0   0   0
2.2   2.3   10   12   0.159986   0.0477874   0.0477874
2.2   2.3   12   15   0.595761   0.0268782   0.0268782
2.2   2.3   15   18   0.823793   0.0177987   0.0177987
2.2   2.3   18   20   0.877498   0.019683   0.019683
2.2   2.3   20   25   0.908966   0.00918643   0.00918643
2.2   2.3   25   30   0.936732   0.00524617   0.00524617
2.2   2.3   30   35   0.973012   0.00266941   0.00266941
2.2   2.3   35   40   0.989962   0.00322277   0.00322277
2.2   2.3   40   45   0.991743   0.00156791   0.00156791
2.2   2.3   45   70   0.989681   0.00142441   0.00142441
2.2   2.3   70   100   0.993286   0.0042165   0.0042165
2.2   2.3   100   500   0.9965   0.0104934   0.0104934
2.3   2.4   -30.8333   10   0   0   0
2.3   2.4   10   12   0.0751799   0.0401172   0.0401172
2.3   2.4   12   15   0.514774   0.0463526   0.0463526
2.3   2.4   15   18   0.689946   0.0227623   0.0227623
2.3   2.4   18   20   0.741387   0.0172127   0.0172127
2.3   2.4   20   25   0.789646   0.00816804   0.00816804
2.3   2.4   25   30   0.868009   0.00648922   0.00648922
2.3   2.4   30   35   0.945622   0.00620445   0.00620445
2.3   2.4   35   40   0.982764   0.00306788   0.00306788
2.3   2.4   40   45   0.999274   0.0021642   0.0021642
2.3   2.4   45   70   0.995483   0.00318887   0.00318887
2.3   2.4   70   100   0.987629   0.00832624   0.00832624
2.3   2.4   100   500   0.996493   0.0070465   0.0070465
2.4   2.5   -30.8333   10   0   0   0
2.4   2.5   10   12   0.165912   0.0662163   0.0662163
2.4   2.5   12   15   0.490898   0.0462675   0.0462675
2.4   2.5   15   18   0.683824   0.0316619   0.0316619
2.4   2.5   18   20   0.679644   0.0286232   0.0286232
2.4   2.5   20   25   0.76578   0.0140385   0.0140385
2.4   2.5   25   30   0.841342   0.00799902   0.00799902
2.4   2.5   30   35   0.89792   0.00641556   0.00641556
2.4   2.5   35   40   0.926135   0.00679008   0.00679008
2.4   2.5   40   45   0.938156   0.00427805   0.00427805
2.4   2.5   45   70   0.946135   0.00323329   0.00323329
2.4   2.5   70   100   0.986838   0.0156752   0.0156752
2.4   2.5   100   500   0.974385   0.0287956   0.0287956
