-2.6   -2.5   -30.8333   10   0   0   0
-2.6   -2.5   10   12   0   0   0
-2.6   -2.5   12   15   0   0   0
-2.6   -2.5   15   18   0   0   0
-2.6   -2.5   18   20   0   0   0
-2.6   -2.5   20   25   0   0   0
-2.6   -2.5   25   30   0   0   0
-2.6   -2.5   30   35   0   0   0
-2.6   -2.5   35   40   0   0   0
-2.6   -2.5   40   45   0   0   0
-2.6   -2.5   45   70   0   0   0
-2.6   -2.5   70   100   0   0   0
-2.6   -2.5   100   500   0   0   0
-2.5   -2.4   -30.8333   10   0   0   0
-2.5   -2.4   10   12   0.107759   0.0424818   0.0424818
-2.5   -2.4   12   15   0.591782   0.0436821   0.0436821
-2.5   -2.4   15   18   0.865872   0.024811   0.024811
-2.5   -2.4   18   20   0.86217   0.0206354   0.0206354
-2.5   -2.4   20   25   0.858551   0.0111011   0.0111011
-2.5   -2.4   25   30   0.91585   0.00763646   0.00763646
-2.5   -2.4   30   35   0.946035   0.00475795   0.00475795
-2.5   -2.4   35   40   0.963467   0.00549882   0.00549882
-2.5   -2.4   40   45   0.962548   0.00271   0.00271
-2.5   -2.4   45   70   0.971222   0.00291884   0.00291884
-2.5   -2.4   70   100   0.995876   0.0052086   0.0052086
-2.5   -2.4   100   500   0.978481   0.0185949   0.0185949
-2.4   -2.3   -30.8333   10   0   0   0
-2.4   -2.3   10   12   0.0630831   0.0219215   0.0219215
-2.4   -2.3   12   15   0.628007   0.0271544   0.0271544
-2.4   -2.3   15   18   0.888685   0.0169848   0.0169848
-2.4   -2.3   18   20   0.919735   0.0160297   0.0160297
-2.4   -2.3   20   25   0.945046   0.00717919   0.00717919
-2.4   -2.3   25   30   0.971835   0.00657663   0.00657663
-2.4   -2.3   30   35   0.994318   0.00317092   0.00317092
-2.4   -2.3   35   40   1.0029   0.0020079   0.0020079
-2.4   -2.3   40   45   1.01081   0.00365288   0.00365288
-2.4   -2.3   45   70   1.00165   0.00233327   0.00233327
-2.4   -2.3   70   100   0.988457   0.00572311   0.00572311
-2.4   -2.3   100   500   0.995775   0.00762318   0.00762318
-2.3   -2.2   -30.8333   10   0   0   0
-2.3   -2.2   10   12   0.107666   0.0232382   0.0232382
-2.3   -2.2   12   15   0.71763   0.0338019   0.0338019
-2.3   -2.2   15   18   0.93273   0.0192262   0.0192262
-2.3   -2.2   18   20   0.939113   0.0147562   0.0147562
-2.3   -2.2   20   25   0.980347   0.0120541   0.0120541
-2.3   -2.2   25   30   0.989969   0.00475448   0.00475448
-2.3   -2.2   30   35   0.996515   0.00208027   0.00208027
-2.3   -2.2   35   40   1.00297   0.0022662   0.0022662
-2.3   -2.2   40   45   1.00102   0.00230875   0.00230875
-2.3   -2.2   45   70   0.996657   0.00113998   0.00113998
-2.3   -2.2   70   100   0.993776   0.00371296   0.00371296
-2.3   -2.2   100   500   1.0008   0.0080463   0.0080463
-2.2   -2.1   -30.8333   10   0   0   0
-2.2   -2.1   10   12   0.114197   0.0234129   0.0234129
-2.2   -2.1   12   15   0.777179   0.0452169   0.0452169
-2.2   -2.1   15   18   0.949239   0.0188574   0.0188574
-2.2   -2.1   18   20   0.974871   0.0113377   0.0113377
-2.2   -2.1   20   25   0.996739   0.00840779   0.00840779
-2.2   -2.1   25   30   1.00227   0.00401547   0.00401547
-2.2   -2.1   30   35   1.00379   0.00148938   0.00148938
-2.2   -2.1   35   40   1.00644   0.00170151   0.00170151
-2.2   -2.1   40   45   1.00551   0.00136958   0.00136958
-2.2   -2.1   45   70   1.00376   0.00110629   0.00110629
-2.2   -2.1   70   100   0.993388   0.00400756   0.00400756
-2.2   -2.1   100   500   1.00322   0.0060348   0.0060348
-2.1   -2   -30.8333   10   0   0   0
-2.1   -2   10   12   0.22418   0.0525471   0.0525471
-2.1   -2   12   15   0.769319   0.023676   0.023676
-2.1   -2   15   18   0.968531   0.0129171   0.0129171
-2.1   -2   18   20   0.997117   0.0117188   0.0117188
-2.1   -2   20   25   0.995918   0.00772029   0.00772029
-2.1   -2   25   30   1.00475   0.00214615   0.00214615
-2.1   -2   30   35   1.00317   0.00163184   0.00163184
-2.1   -2   35   40   1.00235   0.00178683   0.00178683
-2.1   -2   40   45   1.00092   0.00133251   0.00133251
-2.1   -2   45   70   1.00051   0.00091851   0.00091851
-2.1   -2   70   100   0.994383   0.00644984   0.00644984
-2.1   -2   100   500   0.996793   0.00413963   0.00413963
-2   -1.9   -30.8333   10   0   0   0
-2   -1.9   10   12   0.254329   0.0716991   0.0716991
-2   -1.9   12   15   0.771688   0.0336887   0.0336887
-2   -1.9   15   18   0.972131   0.0134059   0.0134059
-2   -1.9   18   20   0.99171   0.00890674   0.00890674
-2   -1.9   20   25   1.004   0.00347942   0.00347942
-2   -1.9   25   30   1.00881   0.00396358   0.00396358
-2   -1.9   30   35   1.00144   0.00165103   0.00165103
-2   -1.9   35   40   1   0.00115571   0.00115571
-2   -1.9   40   45   1.0003   0.000902829   0.000902829
-2   -1.9   45   70   0.99848   0.00112662   0.00112662
-2   -1.9   70   100   0.998586   0.00407536   0.00407536
-2   -1.9   100   500   0.9955   0.00532831   0.00532831
-1.9   -1.8   -30.8333   10   0   0   0
-1.9   -1.8   10   12   0.425955   0.100907   0.100907
-1.9   -1.8   12   15   0.751523   0.0232999   0.0232999
-1.9   -1.8   15   18   0.953887   0.0167757   0.0167757
-1.9   -1.8   18   20   0.995344   0.0107608   0.0107608
-1.9   -1.8   20   25   1.00966   0.00372875   0.00372875
-1.9   -1.8   25   30   1.00895   0.00252187   0.00252187
-1.9   -1.8   30   35   1.01043   0.002075   0.002075
-1.9   -1.8   35   40   1.00692   0.00128882   0.00128882
-1.9   -1.8   40   45   1.00263   0.000598321   0.000598321
-1.9   -1.8   45   70   1.0003   0.00067684   0.00067684
-1.9   -1.8   70   100   1.0008   0.00207812   0.00207812
-1.9   -1.8   100   500   1.0002   0.00499377   0.00499377
-1.8   -1.7   -30.8333   10   0   0   0
-1.8   -1.7   10   12   0.724054   0.192133   0.192133
-1.8   -1.7   12   15   0.784383   0.0293583   0.0293583
-1.8   -1.7   15   18   0.911812   0.0189573   0.0189573
-1.8   -1.7   18   20   0.969903   0.0153081   0.0153081
-1.8   -1.7   20   25   1.00329   0.00427284   0.00427284
-1.8   -1.7   25   30   1.00457   0.00323617   0.00323617
-1.8   -1.7   30   35   1.00432   0.00257601   0.00257601
-1.8   -1.7   35   40   1.00368   0.00108444   0.00108444
-1.8   -1.7   40   45   0.999392   0.00121192   0.00121192
-1.8   -1.7   45   70   1.0004   0.00100751   0.00100751
-1.8   -1.7   70   100   0.999497   0.00318281   0.00318281
-1.8   -1.7   100   500   1.00342   0.00377842   0.00377842
-1.7   -1.6   -30.8333   10   0   0   0
-1.7   -1.6   10   12   0.596302   0.191735   0.191735
-1.7   -1.6   12   15   0.818978   0.0594643   0.0594643
-1.7   -1.6   15   18   0.933444   0.027244   0.027244
-1.7   -1.6   18   20   0.981981   0.0194296   0.0194296
-1.7   -1.6   20   25   1.00292   0.00675366   0.00675366
-1.7   -1.6   25   30   0.995915   0.00290485   0.00290485
-1.7   -1.6   30   35   0.99803   0.00248232   0.00248232
-1.7   -1.6   35   40   1.00309   0.00195646   0.00195646
-1.7   -1.6   40   45   0.998065   0.000943696   0.000943696
-1.7   -1.6   45   70   0.997161   0.000954565   0.000954565
-1.7   -1.6   70   100   0.994965   0.00440358   0.00440358
-1.7   -1.6   100   500   0.994372   0.00561718   0.00561718
-1.6   -1.5   -30.8333   10   0   0   0
-1.6   -1.5   10   12   0.743311   0.257029   0.257029
-1.6   -1.5   12   15   0.826389   0.0455995   0.0455995
-1.6   -1.5   15   18   0.960855   0.02156   0.02156
-1.6   -1.5   18   20   1.02314   0.016477   0.016477
-1.6   -1.5   20   25   1.0344   0.00903111   0.00903111
-1.6   -1.5   25   30   1.01429   0.00386105   0.00386105
-1.6   -1.5   30   35   1.01259   0.00284728   0.00284728
-1.6   -1.5   35   40   1.00721   0.00185918   0.00185918
-1.6   -1.5   40   45   1.00175   0.00133304   0.00133304
-1.6   -1.5   45   70   0.999285   0.00205496   0.00205496
-1.6   -1.5   70   100   0.998575   0.00899778   0.00899778
-1.6   -1.5   100   500   0.990265   0.00566199   0.00566199
-1.5   -1.4   -30.8333   10   0   0   0
-1.5   -1.4   10   12   2.03252   0.615841   0.615841
-1.5   -1.4   12   15   0.9462   0.0773125   0.0773125
-1.5   -1.4   15   18   0.982828   0.0126838   0.0126838
-1.5   -1.4   18   20   0.983512   0.0115059   0.0115059
-1.5   -1.4   20   25   0.994341   0.00970176   0.00970176
-1.5   -1.4   25   30   1.00667   0.00463056   0.00463056
-1.5   -1.4   30   35   0.996276   0.00218202   0.00218202
-1.5   -1.4   35   40   0.985754   0.00155882   0.00155882
-1.5   -1.4   40   45   0.990225   0.00134785   0.00134785
-1.5   -1.4   45   70   0.988757   0.00145799   0.00145799
-1.5   -1.4   70   100   0.959704   0.00647961   0.00647961
-1.5   -1.4   100   500   0.962525   0.00911597   0.00911597
-1.4   -1.3   -30.8333   10   0   0   0
-1.4   -1.3   10   12   2.97215   1.48956   1.48956
-1.4   -1.3   12   15   1.05672   0.0354563   0.0354563
-1.4   -1.3   15   18   1.00483   0.0200071   0.0200071
-1.4   -1.3   18   20   1.02801   0.0114632   0.0114632
-1.4   -1.3   20   25   1.00895   0.00456267   0.00456267
-1.4   -1.3   25   30   1.00042   0.00376751   0.00376751
-1.4   -1.3   30   35   0.999479   0.00270901   0.00270901
-1.4   -1.3   35   40   0.995669   0.001248   0.001248
-1.4   -1.3   40   45   0.996001   0.00102421   0.00102421
-1.4   -1.3   45   70   0.994077   0.000877842   0.000877842
-1.4   -1.3   70   100   0.99534   0.00590409   0.00590409
-1.4   -1.3   100   500   0.989818   0.00836386   0.00836386
-1.3   -1.2   -30.8333   10   0   0   0
-1.3   -1.2   10   12   2.20229   0.633503   0.633503
-1.3   -1.2   12   15   0.965024   0.0395754   0.0395754
-1.3   -1.2   15   18   0.952892   0.0138628   0.0138628
-1.3   -1.2   18   20   1.00033   0.0277547   0.0277547
-1.3   -1.2   20   25   1.00514   0.0062081   0.0062081
-1.3   -1.2   25   30   1.00107   0.00354351   0.00354351
-1.3   -1.2   30   35   1.00042   0.00222711   0.00222711
-1.3   -1.2   35   40   0.998752   0.00249013   0.00249013
-1.3   -1.2   40   45   0.994431   0.00173515   0.00173515
-1.3   -1.2   45   70   0.995063   0.00176905   0.00176905
-1.3   -1.2   70   100   0.991954   0.00597751   0.00597751
-1.3   -1.2   100   500   0.984965   0.0053598   0.0053598
-1.2   -1.1   -30.8333   10   0   0   0
-1.2   -1.1   10   12   2.20287   0.743528   0.743528
-1.2   -1.1   12   15   0.976564   0.0336357   0.0336357
-1.2   -1.1   15   18   0.981884   0.0192868   0.0192868
-1.2   -1.1   18   20   0.986558   0.0117428   0.0117428
-1.2   -1.1   20   25   0.993133   0.00410135   0.00410135
-1.2   -1.1   25   30   0.996285   0.00295658   0.00295658
-1.2   -1.1   30   35   0.99548   0.00180527   0.00180527
-1.2   -1.1   35   40   0.996049   0.00145753   0.00145753
-1.2   -1.1   40   45   0.993293   0.001045   0.001045
-1.2   -1.1   45   70   0.992576   0.00121073   0.00121073
-1.2   -1.1   70   100   0.99124   0.00635671   0.00635671
-1.2   -1.1   100   500   0.988643   0.00752062   0.00752062
-1.1   -1   -30.8333   10   0   0   0
-1.1   -1   10   12   2.1546   0.788655   0.788655
-1.1   -1   12   15   1.00393   0.0233057   0.0233057
-1.1   -1   15   18   1.00066   0.0209359   0.0209359
-1.1   -1   18   20   0.988769   0.00842591   0.00842591
-1.1   -1   20   25   0.997419   0.00428766   0.00428766
-1.1   -1   25   30   0.998836   0.00423995   0.00423995
-1.1   -1   30   35   0.997175   0.00212645   0.00212645
-1.1   -1   35   40   0.999793   0.00229755   0.00229755
-1.1   -1   40   45   0.994239   0.000935784   0.000935784
-1.1   -1   45   70   0.994438   0.000980275   0.000980275
-1.1   -1   70   100   0.99014   0.00446489   0.00446489
-1.1   -1   100   500   0.990328   0.00993607   0.00993607
-1   -0.9   -30.8333   10   0   0   0
-1   -0.9   10   12   1.83483   0.836617   0.836617
-1   -0.9   12   15   1.03968   0.0390582   0.0390582
-1   -0.9   15   18   0.984276   0.0088287   0.0088287
-1   -0.9   18   20   0.980903   0.0089964   0.0089964
-1   -0.9   20   25   0.995603   0.00583527   0.00583527
-1   -0.9   25   30   0.991485   0.00251423   0.00251423
-1   -0.9   30   35   0.992011   0.00154437   0.00154437
-1   -0.9   35   40   0.99156   0.00137365   0.00137365
-1   -0.9   40   45   0.987815   0.00133005   0.00133005
-1   -0.9   45   70   0.988204   0.000836676   0.000836676
-1   -0.9   70   100   0.994706   0.00482957   0.00482957
-1   -0.9   100   500   0.987402   0.00639215   0.00639215
-0.9   -0.8   -30.8333   10   0   0   0
-0.9   -0.8   10   12   2.30408   0.891228   0.891228
-0.9   -0.8   12   15   1.01343   0.038013   0.038013
-0.9   -0.8   15   18   0.985223   0.00839933   0.00839933
-0.9   -0.8   18   20   0.979118   0.0120292   0.0120292
-0.9   -0.8   20   25   0.982574   0.00495548   0.00495548
-0.9   -0.8   25   30   0.992333   0.00367876   0.00367876
-0.9   -0.8   30   35   0.996267   0.00208038   0.00208038
-0.9   -0.8   35   40   0.98922   0.00116433   0.00116433
-0.9   -0.8   40   45   0.987315   0.00104657   0.00104657
-0.9   -0.8   45   70   0.988546   0.000978294   0.000978294
-0.9   -0.8   70   100   0.99055   0.00396777   0.00396777
-0.9   -0.8   100   500   0.987948   0.00620893   0.00620893
-0.8   -0.7   -30.8333   10   0   0   0
-0.8   -0.7   10   12   1.22721   0.299986   0.299986
-0.8   -0.7   12   15   0.965355   0.0248068   0.0248068
-0.8   -0.7   15   18   0.981779   0.00972675   0.00972675
-0.8   -0.7   18   20   1.00163   0.00832612   0.00832612
-0.8   -0.7   20   25   0.991914   0.00514417   0.00514417
-0.8   -0.7   25   30   0.992095   0.00270349   0.00270349
-0.8   -0.7   30   35   0.997917   0.0014606   0.0014606
-0.8   -0.7   35   40   0.993713   0.00128762   0.00128762
-0.8   -0.7   40   45   0.994141   0.000852344   0.000852344
-0.8   -0.7   45   70   0.994063   0.000973653   0.000973653
-0.8   -0.7   70   100   0.990458   0.00570374   0.00570374
-0.8   -0.7   100   500   0.981626   0.00518215   0.00518215
-0.7   -0.6   -30.8333   10   0   0   0
-0.7   -0.6   10   12   1.85077   0.369098   0.369098
-0.7   -0.6   12   15   0.962799   0.0283359   0.0283359
-0.7   -0.6   15   18   0.983467   0.00995147   0.00995147
-0.7   -0.6   18   20   0.993948   0.00922919   0.00922919
-0.7   -0.6   20   25   1.00394   0.00392178   0.00392178
-0.7   -0.6   25   30   0.991632   0.00433898   0.00433898
-0.7   -0.6   30   35   0.993343   0.00161611   0.00161611
-0.7   -0.6   35   40   0.992362   0.0014447   0.0014447
-0.7   -0.6   40   45   0.991974   0.00103513   0.00103513
-0.7   -0.6   45   70   0.991093   0.000967384   0.000967384
-0.7   -0.6   70   100   0.995623   0.00474287   0.00474287
-0.7   -0.6   100   500   0.991031   0.00490935   0.00490935
-0.6   -0.5   -30.8333   10   0   0   0
-0.6   -0.5   10   12   1.26599   0.372739   0.372739
-0.6   -0.5   12   15   0.958091   0.0324237   0.0324237
-0.6   -0.5   15   18   0.984149   0.0117861   0.0117861
-0.6   -0.5   18   20   1.00828   0.00977012   0.00977012
-0.6   -0.5   20   25   0.997981   0.00476137   0.00476137
-0.6   -0.5   25   30   0.992783   0.00265231   0.00265231
-0.6   -0.5   30   35   0.996471   0.00237302   0.00237302
-0.6   -0.5   35   40   0.993907   0.00107546   0.00107546
-0.6   -0.5   40   45   0.991974   0.00134932   0.00134932
-0.6   -0.5   45   70   0.994056   0.00114128   0.00114128
-0.6   -0.5   70   100   0.998676   0.00430267   0.00430267
-0.6   -0.5   100   500   0.995529   0.00485346   0.00485346
-0.5   -0.4   -30.8333   10   0   0   0
-0.5   -0.4   10   12   1.36888   0.701435   0.701435
-0.5   -0.4   12   15   0.998304   0.0177099   0.0177099
-0.5   -0.4   15   18   0.966241   0.00899182   0.00899182
-0.5   -0.4   18   20   1.00142   0.0147683   0.0147683
-0.5   -0.4   20   25   0.98325   0.00370436   0.00370436
-0.5   -0.4   25   30   0.984339   0.00556041   0.00556041
-0.5   -0.4   30   35   0.986079   0.00199253   0.00199253
-0.5   -0.4   35   40   0.991412   0.00120308   0.00120308
-0.5   -0.4   40   45   0.988157   0.00109977   0.00109977
-0.5   -0.4   45   70   0.991587   0.00179476   0.00179476
-0.5   -0.4   70   100   0.992365   0.00491181   0.00491181
-0.5   -0.4   100   500   0.997962   0.00434626   0.00434626
-0.4   -0.3   -30.8333   10   0   0   0
-0.4   -0.3   10   12   1.2493   0.462179   0.462179
-0.4   -0.3   12   15   0.939277   0.0213581   0.0213581
-0.4   -0.3   15   18   0.942289   0.0207021   0.0207021
-0.4   -0.3   18   20   0.97369   0.00854639   0.00854639
-0.4   -0.3   20   25   0.978996   0.00582854   0.00582854
-0.4   -0.3   25   30   0.975955   0.00487323   0.00487323
-0.4   -0.3   30   35   0.977597   0.00198279   0.00198279
-0.4   -0.3   35   40   0.984527   0.00112108   0.00112108
-0.4   -0.3   40   45   0.984385   0.000986613   0.000986613
-0.4   -0.3   45   70   0.98739   0.00132248   0.00132248
-0.4   -0.3   70   100   0.990523   0.00440092   0.00440092
-0.4   -0.3   100   500   0.995429   0.00427054   0.00427054
-0.3   -0.2   -30.8333   10   0   0   0
-0.3   -0.2   10   12   1.36592   0.358716   0.358716
-0.3   -0.2   12   15   0.911835   0.0226054   0.0226054
-0.3   -0.2   15   18   0.938124   0.0169558   0.0169558
-0.3   -0.2   18   20   0.967854   0.009621   0.009621
-0.3   -0.2   20   25   0.981991   0.00604904   0.00604904
-0.3   -0.2   25   30   0.978743   0.00284531   0.00284531
-0.3   -0.2   30   35   0.98216   0.00196502   0.00196502
-0.3   -0.2   35   40   0.985705   0.00105995   0.00105995
-0.3   -0.2   40   45   0.986057   0.000977554   0.000977554
-0.3   -0.2   45   70   0.988649   0.00134392   0.00134392
-0.3   -0.2   70   100   0.990653   0.00500877   0.00500877
-0.3   -0.2   100   500   0.993205   0.00792166   0.00792166
-0.2   -0.1   -30.8333   10   0   0   0
-0.2   -0.1   10   12   2.15068   5.05705   5.05705
-0.2   -0.1   12   15   0.916647   0.0247821   0.0247821
-0.2   -0.1   15   18   0.948193   0.00988987   0.00988987
-0.2   -0.1   18   20   0.959232   0.010507   0.010507
-0.2   -0.1   20   25   0.976418   0.00836658   0.00836658
-0.2   -0.1   25   30   0.982926   0.00435244   0.00435244
-0.2   -0.1   30   35   0.981495   0.00316121   0.00316121
-0.2   -0.1   35   40   0.98754   0.00155713   0.00155713
-0.2   -0.1   40   45   0.985725   0.00112234   0.00112234
-0.2   -0.1   45   70   0.987812   0.00104007   0.00104007
-0.2   -0.1   70   100   0.994501   0.00520825   0.00520825
-0.2   -0.1   100   500   0.990653   0.00644766   0.00644766
-0.1   0   -30.8333   10   0   0   0
-0.1   0   10   12   1.53756   0.39546   0.39546
-0.1   0   12   15   0.872381   0.0256172   0.0256172
-0.1   0   15   18   0.898958   0.0129206   0.0129206
-0.1   0   18   20   0.937168   0.0110582   0.0110582
-0.1   0   20   25   0.964768   0.00462734   0.00462734
-0.1   0   25   30   0.962892   0.0033879   0.0033879
-0.1   0   30   35   0.966456   0.00318614   0.00318614
-0.1   0   35   40   0.976208   0.00139157   0.00139157
-0.1   0   40   45   0.974356   0.00181413   0.00181413
-0.1   0   45   70   0.979497   0.000973665   0.000973665
-0.1   0   70   100   0.985061   0.00478722   0.00478722
-0.1   0   100   500   0.987537   0.00505487   0.00505487
0   0.1   -30.8333   10   0   0   0
0   0.1   10   12   2.28046   0.985944   0.985944
0   0.1   12   15   0.890983   0.0338657   0.0338657
0   0.1   15   18   0.91771   0.0125528   0.0125528
0   0.1   18   20   0.950766   0.0147386   0.0147386
0   0.1   20   25   0.957017   0.00426331   0.00426331
0   0.1   25   30   0.95493   0.00618019   0.00618019
0   0.1   30   35   0.965593   0.00240276   0.00240276
0   0.1   35   40   0.976215   0.00125833   0.00125833
0   0.1   40   45   0.975925   0.0011365   0.0011365
0   0.1   45   70   0.98094   0.00117195   0.00117195
0   0.1   70   100   0.983732   0.00516253   0.00516253
0   0.1   100   500   0.989451   0.00711647   0.00711647
0.1   0.2   -30.8333   10   0   0   0
0.1   0.2   10   12   1.76702   0.531778   0.531778
0.1   0.2   12   15   0.914712   0.0375945   0.0375945
0.1   0.2   15   18   0.937595   0.00932708   0.00932708
0.1   0.2   18   20   0.952279   0.0118328   0.0118328
0.1   0.2   20   25   0.960839   0.00378976   0.00378976
0.1   0.2   25   30   0.959182   0.00380747   0.00380747
0.1   0.2   30   35   0.970849   0.00254106   0.00254106
0.1   0.2   35   40   0.974407   0.00168035   0.00168035
0.1   0.2   40   45   0.974296   0.00117515   0.00117515
0.1   0.2   45   70   0.977748   0.00125823   0.00125823
0.1   0.2   70   100   0.981042   0.00448856   0.00448856
0.1   0.2   100   500   0.984935   0.00609121   0.00609121
0.2   0.3   -30.8333   10   0   0   0
0.2   0.3   10   12   2.0136   0.945432   0.945432
0.2   0.3   12   15   0.933292   0.0379499   0.0379499
0.2   0.3   15   18   0.919788   0.0105666   0.0105666
0.2   0.3   18   20   0.952693   0.0171631   0.0171631
0.2   0.3   20   25   0.968076   0.00389452   0.00389452
0.2   0.3   25   30   0.961446   0.00243865   0.00243865
0.2   0.3   30   35   0.968883   0.00202555   0.00202555
0.2   0.3   35   40   0.971741   0.00125284   0.00125284
0.2   0.3   40   45   0.971957   0.000940552   0.000940552
0.2   0.3   45   70   0.972643   0.00135986   0.00135986
0.2   0.3   70   100   0.977997   0.00459634   0.00459634
0.2   0.3   100   500   0.973471   0.00570825   0.00570825
0.3   0.4   -30.8333   10   0   0   0
0.3   0.4   10   12   1.81034   0.5228   0.5228
0.3   0.4   12   15   0.905614   0.0195251   0.0195251
0.3   0.4   15   18   0.932227   0.0171955   0.0171955
0.3   0.4   18   20   0.950891   0.0121709   0.0121709
0.3   0.4   20   25   0.958831   0.0039518   0.0039518
0.3   0.4   25   30   0.957313   0.00290485   0.00290485
0.3   0.4   30   35   0.960975   0.00184533   0.00184533
0.3   0.4   35   40   0.968292   0.00129814   0.00129814
0.3   0.4   40   45   0.962982   0.00134784   0.00134784
0.3   0.4   45   70   0.968199   0.00187894   0.00187894
0.3   0.4   70   100   0.970098   0.00414839   0.00414839
0.3   0.4   100   500   0.975899   0.00501565   0.00501565
0.4   0.5   -30.8333   10   0   0   0
0.4   0.5   10   12   2.57979   0.712357   0.712357
0.4   0.5   12   15   0.919995   0.0189214   0.0189214
0.4   0.5   15   18   0.963263   0.00891889   0.00891889
0.4   0.5   18   20   0.96126   0.0123688   0.0123688
0.4   0.5   20   25   0.973165   0.00548301   0.00548301
0.4   0.5   25   30   0.964744   0.0039838   0.0039838
0.4   0.5   30   35   0.972433   0.00220603   0.00220603
0.4   0.5   35   40   0.973841   0.00136125   0.00136125
0.4   0.5   40   45   0.970486   0.00189579   0.00189579
0.4   0.5   45   70   0.973354   0.00149139   0.00149139
0.4   0.5   70   100   0.975337   0.00402674   0.00402674
0.4   0.5   100   500   0.974398   0.00576416   0.00576416
0.5   0.6   -30.8333   10   0   0   0
0.5   0.6   10   12   1.77677   0.671974   0.671974
0.5   0.6   12   15   0.975188   0.031462   0.031462
0.5   0.6   15   18   0.963077   0.0142859   0.0142859
0.5   0.6   18   20   0.988398   0.01262   0.01262
0.5   0.6   20   25   0.98773   0.00656441   0.00656441
0.5   0.6   25   30   0.981493   0.00391088   0.00391088
0.5   0.6   30   35   0.985543   0.00145173   0.00145173
0.5   0.6   35   40   0.981643   0.00137262   0.00137262
0.5   0.6   40   45   0.98037   0.000916395   0.000916395
0.5   0.6   45   70   0.980761   0.00105264   0.00105264
0.5   0.6   70   100   0.981487   0.00352207   0.00352207
0.5   0.6   100   500   0.983954   0.00409355   0.00409355
0.6   0.7   -30.8333   10   0   0   0
0.6   0.7   10   12   2.92124   0.831045   0.831045
0.6   0.7   12   15   0.99208   0.0237916   0.0237916
0.6   0.7   15   18   0.96533   0.00999458   0.00999458
0.6   0.7   18   20   0.991114   0.0095074   0.0095074
0.6   0.7   20   25   0.9965   0.00393346   0.00393346
0.6   0.7   25   30   0.983217   0.00245568   0.00245568
0.6   0.7   30   35   0.991302   0.00215924   0.00215924
0.6   0.7   35   40   0.987456   0.00156062   0.00156062
0.6   0.7   40   45   0.98678   0.000923302   0.000923302
0.6   0.7   45   70   0.985416   0.000927561   0.000927561
0.6   0.7   70   100   0.980874   0.00350237   0.00350237
0.6   0.7   100   500   0.980414   0.00541524   0.00541524
0.7   0.8   -30.8333   10   0   0   0
0.7   0.8   10   12   2.07959   0.452034   0.452034
0.7   0.8   12   15   0.989301   0.0326516   0.0326516
0.7   0.8   15   18   0.974306   0.0132381   0.0132381
0.7   0.8   18   20   0.979019   0.00870681   0.00870681
0.7   0.8   20   25   0.979798   0.0045245   0.0045245
0.7   0.8   25   30   0.981476   0.00427352   0.00427352
0.7   0.8   30   35   0.988653   0.00251387   0.00251387
0.7   0.8   35   40   0.978207   0.00208358   0.00208358
0.7   0.8   40   45   0.980915   0.00145324   0.00145324
0.7   0.8   45   70   0.979058   0.00124838   0.00124838
0.7   0.8   70   100   0.977803   0.0044623   0.0044623
0.7   0.8   100   500   0.976279   0.00544355   0.00544355
0.8   0.9   -30.8333   10   0   0   0
0.8   0.9   10   12   2.96635   1.14847   1.14847
0.8   0.9   12   15   1.00908   0.0205027   0.0205027
0.8   0.9   15   18   0.984394   0.0091192   0.0091192
0.8   0.9   18   20   0.988393   0.0152701   0.0152701
0.8   0.9   20   25   0.983094   0.0038418   0.0038418
0.8   0.9   25   30   0.985771   0.00248082   0.00248082
0.8   0.9   30   35   0.990772   0.0019605   0.0019605
0.8   0.9   35   40   0.986141   0.00172828   0.00172828
0.8   0.9   40   45   0.98213   0.00152377   0.00152377
0.8   0.9   45   70   0.982843   0.000992645   0.000992645
0.8   0.9   70   100   0.980325   0.00334943   0.00334943
0.8   0.9   100   500   0.983636   0.00460647   0.00460647
0.9   1   -30.8333   10   0   0   0
0.9   1   10   12   4.20906   1.69718   1.69718
0.9   1   12   15   1.03357   0.0521157   0.0521157
0.9   1   15   18   0.981832   0.018297   0.018297
0.9   1   18   20   0.992236   0.0173558   0.0173558
0.9   1   20   25   0.989245   0.00572024   0.00572024
0.9   1   25   30   0.989927   0.00311447   0.00311447
0.9   1   30   35   0.990682   0.00204097   0.00204097
0.9   1   35   40   0.988899   0.00123585   0.00123585
0.9   1   40   45   0.985796   0.00117471   0.00117471
0.9   1   45   70   0.986083   0.00131059   0.00131059
0.9   1   70   100   0.983254   0.00434646   0.00434646
0.9   1   100   500   0.988494   0.00489772   0.00489772
1   1.1   -30.8333   10   0   0   0
1   1.1   10   12   1.84325   1.52278   1.52278
1   1.1   12   15   1.018   0.0280103   0.0280103
1   1.1   15   18   0.986585   0.00864257   0.00864257
1   1.1   18   20   0.990697   0.01267   0.01267
1   1.1   20   25   0.988346   0.00649717   0.00649717
1   1.1   25   30   0.990934   0.0025451   0.0025451
1   1.1   30   35   0.991785   0.00245723   0.00245723
1   1.1   35   40   0.99041   0.00119969   0.00119969
1   1.1   40   45   0.987006   0.00107716   0.00107716
1   1.1   45   70   0.987495   0.00176262   0.00176262
1   1.1   70   100   0.986937   0.005736   0.005736
1   1.1   100   500   0.98751   0.00472387   0.00472387
1.1   1.2   -30.8333   10   0   0   0
1.1   1.2   10   12   1.12855   0.494624   0.494624
1.1   1.2   12   15   0.993963   0.0352347   0.0352347
1.1   1.2   15   18   0.972532   0.00999128   0.00999128
1.1   1.2   18   20   1   0.012516   0.012516
1.1   1.2   20   25   0.995093   0.00416562   0.00416562
1.1   1.2   25   30   0.991775   0.00271191   0.00271191
1.1   1.2   30   35   0.994566   0.00217582   0.00217582
1.1   1.2   35   40   0.993056   0.00127478   0.00127478
1.1   1.2   40   45   0.990025   0.000978017   0.000978017
1.1   1.2   45   70   0.99138   0.00153237   0.00153237
1.1   1.2   70   100   0.991074   0.00358982   0.00358982
1.1   1.2   100   500   0.990418   0.00425667   0.00425667
1.2   1.3   -30.8333   10   0   0   0
1.2   1.3   10   12   2.61864   3.42104   3.42104
1.2   1.3   12   15   1.06418   0.0368476   0.0368476
1.2   1.3   15   18   1.03021   0.0299975   0.0299975
1.2   1.3   18   20   1.01821   0.0177837   0.0177837
1.2   1.3   20   25   1.01627   0.00467627   0.00467627
1.2   1.3   25   30   1.01059   0.00344047   0.00344047
1.2   1.3   30   35   1.00462   0.00277613   0.00277613
1.2   1.3   35   40   1.0026   0.00127711   0.00127711
1.2   1.3   40   45   0.99794   0.000997984   0.000997984
1.2   1.3   45   70   0.997329   0.00203115   0.00203115
1.2   1.3   70   100   0.999696   0.00313856   0.00313856
1.2   1.3   100   500   0.996179   0.00388518   0.00388518
1.3   1.4   -30.8333   10   0   0   0
1.3   1.4   10   12   4.19615   1.17671   1.17671
1.3   1.4   12   15   1.06416   0.0429137   0.0429137
1.3   1.4   15   18   1.00316   0.015951   0.015951
1.3   1.4   18   20   0.995629   0.0124136   0.0124136
1.3   1.4   20   25   1.01236   0.00855244   0.00855244
1.3   1.4   25   30   1.00773   0.00333043   0.00333043
1.3   1.4   30   35   1.0026   0.00190275   0.00190275
1.3   1.4   35   40   0.999588   0.00117394   0.00117394
1.3   1.4   40   45   0.996927   0.000915085   0.000915085
1.3   1.4   45   70   0.997344   0.000929654   0.000929654
1.3   1.4   70   100   0.999187   0.00359203   0.00359203
1.3   1.4   100   500   0.994154   0.00582266   0.00582266
1.4   1.5   -30.8333   10   0   0   0
1.4   1.5   10   12   1.64809   0.421912   0.421912
1.4   1.5   12   15   1.00971   0.0467157   0.0467157
1.4   1.5   15   18   0.964772   0.0123552   0.0123552
1.4   1.5   18   20   0.985705   0.00999678   0.00999678
1.4   1.5   20   25   1.00459   0.00423686   0.00423686
1.4   1.5   25   30   1.00723   0.00631537   0.00631537
1.4   1.5   30   35   1.00124   0.00348879   0.00348879
1.4   1.5   35   40   0.988233   0.00154554   0.00154554
1.4   1.5   40   45   0.997736   0.00125945   0.00125945
1.4   1.5   45   70   0.995196   0.00148154   0.00148154
1.4   1.5   70   100   0.969927   0.00679761   0.00679761
1.4   1.5   100   500   0.940833   0.00993921   0.00993921
1.5   1.6   -30.8333   10   0   0   0
1.5   1.6   10   12   0.676786   0.21391   0.21391
1.5   1.6   12   15   0.831382   0.0445289   0.0445289
1.5   1.6   15   18   0.924771   0.0298938   0.0298938
1.5   1.6   18   20   0.989268   0.0173203   0.0173203
1.5   1.6   20   25   1.02114   0.0106228   0.0106228
1.5   1.6   25   30   1.00916   0.007599   0.007599
1.5   1.6   30   35   1.00481   0.00343546   0.00343546
1.5   1.6   35   40   1.00893   0.00231624   0.00231624
1.5   1.6   40   45   1.0042   0.00120134   0.00120134
1.5   1.6   45   70   1.00031   0.00126795   0.00126795
1.5   1.6   70   100   1.00253   0.00382946   0.00382946
1.5   1.6   100   500   0.995382   0.00403323   0.00403323
1.6   1.7   -30.8333   10   0   0   0
1.6   1.7   10   12   1.04841   0.348047   0.348047
1.6   1.7   12   15   0.809041   0.0323494   0.0323494
1.6   1.7   15   18   0.911314   0.0192966   0.0192966
1.6   1.7   18   20   0.980924   0.0108574   0.0108574
1.6   1.7   20   25   1.00342   0.00479674   0.00479674
1.6   1.7   25   30   1.00448   0.00270534   0.00270534
1.6   1.7   30   35   1.00578   0.00224388   0.00224388
1.6   1.7   35   40   1.00759   0.00109936   0.00109936
1.6   1.7   40   45   1.00345   0.000898926   0.000898926
1.6   1.7   45   70   0.999697   0.000756206   0.000756206
1.6   1.7   70   100   0.999699   0.00348022   0.00348022
1.6   1.7   100   500   0.998898   0.00376712   0.00376712
1.7   1.8   -30.8333   10   0   0   0
1.7   1.8   10   12   0.98227   0.41305   0.41305
1.7   1.8   12   15   0.882008   0.043633   0.043633
1.7   1.8   15   18   0.927859   0.0138297   0.0138297
1.7   1.8   18   20   0.988521   0.0123673   0.0123673
1.7   1.8   20   25   1.00475   0.00439459   0.00439459
1.7   1.8   25   30   1.01015   0.00272988   0.00272988
1.7   1.8   30   35   1.00635   0.00375387   0.00375387
1.7   1.8   35   40   1.00705   0.0013051   0.0013051
1.7   1.8   40   45   1.00324   0.000672258   0.000672258
1.7   1.8   45   70   1.00081   0.0006625   0.0006625
1.7   1.8   70   100   1.00101   0.00349828   0.00349828
1.7   1.8   100   500   1.00151   0.00466912   0.00466912
1.8   1.9   -30.8333   10   0   0   0
1.8   1.9   10   12   0.573744   0.236426   0.236426
1.8   1.9   12   15   0.745209   0.0439442   0.0439442
1.8   1.9   15   18   0.910297   0.0122764   0.0122764
1.8   1.9   18   20   0.958872   0.0113248   0.0113248
1.8   1.9   20   25   0.994544   0.00506911   0.00506911
1.8   1.9   25   30   1.00051   0.003697   0.003697
1.8   1.9   30   35   1.00143   0.00141059   0.00141059
1.8   1.9   35   40   0.999898   0.0023764   0.0023764
1.8   1.9   40   45   0.996968   0.000838375   0.000838375
1.8   1.9   45   70   0.996365   0.000734402   0.000734402
1.8   1.9   70   100   0.994672   0.00352013   0.00352013
1.8   1.9   100   500   0.996194   0.00399729   0.00399729
1.9   2   -30.8333   10   0   0   0
1.9   2   10   12   0.318447   0.110658   0.110658
1.9   2   12   15   0.771017   0.0284378   0.0284378
1.9   2   15   18   0.928484   0.0148567   0.0148567
1.9   2   18   20   0.981282   0.0116087   0.0116087
1.9   2   20   25   1   0.00377864   0.00377864
1.9   2   25   30   1.00641   0.00196642   0.00196642
1.9   2   30   35   1.00461   0.00280337   0.00280337
1.9   2   35   40   0.999188   0.00133123   0.00133123
1.9   2   40   45   1.00193   0.00100128   0.00100128
1.9   2   45   70   0.99919   0.000846644   0.000846644
1.9   2   70   100   1.00121   0.0058558   0.0058558
1.9   2   100   500   1.0018   0.00140131   0.00140131
2   2.1   -30.8333   10   0   0   0
2   2.1   10   12   0.268619   0.06713   0.06713
2   2.1   12   15   0.751244   0.0243336   0.0243336
2   2.1   15   18   0.947086   0.0257997   0.0257997
2   2.1   18   20   0.980896   0.0144084   0.0144084
2   2.1   20   25   1.00084   0.00438346   0.00438346
2   2.1   25   30   1.00855   0.00240401   0.00240401
2   2.1   30   35   1.00735   0.0016156   0.0016156
2   2.1   35   40   1.00611   0.00122654   0.00122654
2   2.1   40   45   1.00518   0.000956091   0.000956091
2   2.1   45   70   1.00253   0.00142912   0.00142912
2   2.1   70   100   1.0013   0.00335813   0.00335813
2   2.1   100   500   0.997797   0.00513109   0.00513109
2.1   2.2   -30.8333   10   0   0   0
2.1   2.2   10   12   0.116954   0.0386411   0.0386411
2.1   2.2   12   15   0.720943   0.0509973   0.0509973
2.1   2.2   15   18   0.929164   0.0126877   0.0126877
2.1   2.2   18   20   0.95661   0.0120386   0.0120386
2.1   2.2   20   25   0.98453   0.00446109   0.00446109
2.1   2.2   25   30   0.991389   0.00474879   0.00474879
2.1   2.2   30   35   0.997234   0.00385182   0.00385182
2.1   2.2   35   40   1.00358   0.00119517   0.00119517
2.1   2.2   40   45   1.00092   0.00108773   0.00108773
2.1   2.2   45   70   1.00071   0.00115026   0.00115026
2.1   2.2   70   100   0.993375   0.00411458   0.00411458
2.1   2.2   100   500   0.9999   0.00291124   0.00291124
2.2   2.3   -30.8333   10   0   0   0
2.2   2.3   10   12   0.128501   0.036796   0.036796
2.2   2.3   12   15   0.706883   0.0245052   0.0245052
2.2   2.3   15   18   0.903558   0.0241476   0.0241476
2.2   2.3   18   20   0.926724   0.0117365   0.0117365
2.2   2.3   20   25   0.948232   0.00497993   0.00497993
2.2   2.3   25   30   0.972699   0.0035885   0.0035885
2.2   2.3   30   35   0.987921   0.00335262   0.00335262
2.2   2.3   35   40   0.999181   0.00214906   0.00214906
2.2   2.3   40   45   0.998164   0.0014767   0.0014767
2.2   2.3   45   70   0.994731   0.00129843   0.00129843
2.2   2.3   70   100   0.995386   0.0050425   0.0050425
2.2   2.3   100   500   0.994888   0.00821316   0.00821316
2.3   2.4   -30.8333   10   0   0   0
2.3   2.4   10   12   0.0560928   0.0273057   0.0273057
2.3   2.4   12   15   0.520037   0.0317245   0.0317245
2.3   2.4   15   18   0.785941   0.0206021   0.0206021
2.3   2.4   18   20   0.840227   0.0190027   0.0190027
2.3   2.4   20   25   0.865843   0.00850218   0.00850218
2.3   2.4   25   30   0.933763   0.00449602   0.00449602
2.3   2.4   30   35   0.98055   0.00626157   0.00626157
2.3   2.4   35   40   0.996176   0.00240153   0.00240153
2.3   2.4   40   45   1.00041   0.0025813   0.0025813
2.3   2.4   45   70   0.997738   0.00267612   0.00267612
2.3   2.4   70   100   0.978191   0.00824668   0.00824668
2.3   2.4   100   500   0.992773   0.0080226   0.0080226
2.4   2.5   -30.8333   10   0   0   0
2.4   2.5   10   12   0.0795936   0.0377621   0.0377621
2.4   2.5   12   15   0.477462   0.0356128   0.0356128
2.4   2.5   15   18   0.771903   0.0264578   0.0264578
2.4   2.5   18   20   0.843815   0.0410682   0.0410682
2.4   2.5   20   25   0.853105   0.0130744   0.0130744
2.4   2.5   25   30   0.871387   0.00712532   0.00712532
2.4   2.5   30   35   0.92589   0.00486453   0.00486453
2.4   2.5   35   40   0.951579   0.00389833   0.00389833
2.4   2.5   40   45   0.95297   0.00336004   0.00336004
2.4   2.5   45   70   0.960343   0.00383744   0.00383744
2.4   2.5   70   100   0.989703   0.0136166   0.0136166
2.4   2.5   100   500   0.97267   0.019609   0.019609
