-2.6   -2.5   -34.5455   10   0   0   0
-2.6   -2.5   10   19   0   0   0
-2.6   -2.5   19   23   0   0   0
-2.6   -2.5   23   25   0   0   0
-2.6   -2.5   25   27   0   0   0
-2.6   -2.5   27   30   0   0   0
-2.6   -2.5   30   35   0   0   0
-2.6   -2.5   35   40   0   0   0
-2.6   -2.5   40   45   0   0   0
-2.6   -2.5   45   70   0   0   0
-2.6   -2.5   70   100   0   0   0
-2.6   -2.5   100   500   0   0   0
-2.5   -2.4   -34.5455   10   0   0   0
-2.5   -2.4   10   19   0   0   0
-2.5   -2.4   19   23   0.0681818   0.00814947   0.00814947
-2.5   -2.4   23   25   0.375445   0.019574   0.019574
-2.5   -2.4   25   27   0.706776   0.0217094   0.0217094
-2.5   -2.4   27   30   0.824667   0.0136901   0.0136901
-2.5   -2.4   30   35   0.873489   0.00578661   0.00578661
-2.5   -2.4   35   40   0.889589   0.00482928   0.00482928
-2.5   -2.4   40   45   0.905198   0.00362858   0.00362858
-2.5   -2.4   45   70   0.928782   0.00439205   0.00439205
-2.5   -2.4   70   100   0.971888   0.014179   0.014179
-2.5   -2.4   100   500   0.955354   0.0239278   0.0239278
-2.4   -2.3   -34.5455   10   0   0   0
-2.4   -2.3   10   19   0   0   0
-2.4   -2.3   19   23   0.0485069   0.00581192   0.00581192
-2.4   -2.3   23   25   0.372066   0.0133941   0.0133941
-2.4   -2.3   25   27   0.734897   0.0114726   0.0114726
-2.4   -2.3   27   30   0.888519   0.00822375   0.00822375
-2.4   -2.3   30   35   0.938942   0.00366022   0.00366022
-2.4   -2.3   35   40   0.968242   0.00261398   0.00261398
-2.4   -2.3   40   45   0.991395   0.00234268   0.00234268
-2.4   -2.3   45   70   0.988601   0.00188036   0.00188036
-2.4   -2.3   70   100   0.983824   0.0107666   0.0107666
-2.4   -2.3   100   500   0.984287   0.0104296   0.0104296
-2.3   -2.2   -34.5455   10   0   0   0
-2.3   -2.2   10   19   0   0   0
-2.3   -2.2   19   23   0.0627954   0.0055226   0.0055226
-2.3   -2.2   23   25   0.475994   0.0181547   0.0181547
-2.3   -2.2   25   27   0.800146   0.014245   0.014245
-2.3   -2.2   27   30   0.91993   0.00825005   0.00825005
-2.3   -2.2   30   35   0.962765   0.00254589   0.00254589
-2.3   -2.2   35   40   0.981732   0.00332476   0.00332476
-2.3   -2.2   40   45   0.98511   0.00166101   0.00166101
-2.3   -2.2   45   70   0.987644   0.00141682   0.00141682
-2.3   -2.2   70   100   0.980154   0.00688795   0.00688795
-2.3   -2.2   100   500   0.989957   0.00900305   0.00900305
-2.2   -2.1   -34.5455   10   0   0   0
-2.2   -2.1   10   19   0   0   0
-2.2   -2.1   19   23   0.0798776   0.00982496   0.00982496
-2.2   -2.1   23   25   0.531606   0.0150069   0.0150069
-2.2   -2.1   25   27   0.87072   0.0137346   0.0137346
-2.2   -2.1   27   30   0.956504   0.00807856   0.00807856
-2.2   -2.1   30   35   0.983364   0.00526169   0.00526169
-2.2   -2.1   35   40   0.998463   0.00184034   0.00184034
-2.2   -2.1   40   45   0.994303   0.00142842   0.00142842
-2.2   -2.1   45   70   0.998073   0.00160563   0.00160563
-2.2   -2.1   70   100   0.99759   0.00503401   0.00503401
-2.2   -2.1   100   500   0.999299   0.00344006   0.00344006
-2.1   -2   -34.5455   10   0   0   0
-2.1   -2   10   19   0   0   0
-2.1   -2   19   23   0.136819   0.0111151   0.0111151
-2.1   -2   23   25   0.622016   0.0137221   0.0137221
-2.1   -2   25   27   0.882236   0.0106101   0.0106101
-2.1   -2   27   30   0.968974   0.00618481   0.00618481
-2.1   -2   30   35   0.987618   0.00509566   0.00509566
-2.1   -2   35   40   0.995821   0.00230881   0.00230881
-2.1   -2   40   45   0.997354   0.00118138   0.00118138
-2.1   -2   45   70   0.998379   0.00118911   0.00118911
-2.1   -2   70   100   0.997789   0.00395237   0.00395237
-2.1   -2   100   500   1.0008   0.00422375   0.00422375
-2   -1.9   -34.5455   10   0   0   0
-2   -1.9   10   19   0.217391   0.201716   0.201716
-2   -1.9   19   23   0.306314   0.0236708   0.0236708
-2   -1.9   23   25   0.696705   0.0197937   0.0197937
-2   -1.9   25   27   0.890236   0.0158149   0.0158149
-2   -1.9   27   30   0.955429   0.00417992   0.00417992
-2   -1.9   30   35   0.98316   0.00220504   0.00220504
-2   -1.9   35   40   0.989919   0.00170238   0.00170238
-2   -1.9   40   45   0.989947   0.00118025   0.00118025
-2   -1.9   45   70   0.989982   0.0010442   0.0010442
-2   -1.9   70   100   0.984792   0.00605929   0.00605929
-2   -1.9   100   500   0.994792   0.00514183   0.00514183
-1.9   -1.8   -34.5455   10   0   0   0
-1.9   -1.8   10   19   0.464286   1.0104   1.0104
-1.9   -1.8   19   23   0.61887   0.0348379   0.0348379
-1.9   -1.8   23   25   0.771695   0.0187983   0.0187983
-1.9   -1.8   25   27   0.891387   0.00994644   0.00994644
-1.9   -1.8   27   30   0.957146   0.004377   0.004377
-1.9   -1.8   30   35   0.991922   0.00181334   0.00181334
-1.9   -1.8   35   40   0.999594   0.00210888   0.00210888
-1.9   -1.8   40   45   0.997881   0.00243419   0.00243419
-1.9   -1.8   45   70   0.998084   0.000767779   0.000767779
-1.9   -1.8   70   100   0.995589   0.00271979   0.00271979
-1.9   -1.8   100   500   1.00392   0.00162198   0.00162198
-1.8   -1.7   -34.5455   10   0   0   0
-1.8   -1.7   10   19   0.4   3.61274   3.61274
-1.8   -1.7   19   23   1.08896   0.0649763   0.0649763
-1.8   -1.7   23   25   0.900359   0.0306371   0.0306371
-1.8   -1.7   25   27   0.877054   0.00928109   0.00928109
-1.8   -1.7   27   30   0.94067   0.00725631   0.00725631
-1.8   -1.7   30   35   0.987025   0.00272596   0.00272596
-1.8   -1.7   35   40   0.997649   0.00171017   0.00171017
-1.8   -1.7   40   45   0.996053   0.00100052   0.00100052
-1.8   -1.7   45   70   0.99626   0.00129816   0.00129816
-1.8   -1.7   70   100   1.0003   0.00274603   0.00274603
-1.8   -1.7   100   500   0.999197   0.00310287   0.00310287
-1.7   -1.6   -34.5455   10   0   0   0
-1.7   -1.6   10   19   0.107143   0.225377   0.225377
-1.7   -1.6   19   23   1.33659   0.168192   0.168192
-1.7   -1.6   23   25   0.912011   0.0200202   0.0200202
-1.7   -1.6   25   27   0.906352   0.00806083   0.00806083
-1.7   -1.6   27   30   0.947909   0.00431136   0.00431136
-1.7   -1.6   30   35   0.985459   0.00224946   0.00224946
-1.7   -1.6   35   40   0.998457   0.00201218   0.00201218
-1.7   -1.6   40   45   0.995829   0.00101084   0.00101084
-1.7   -1.6   45   70   0.995143   0.00123702   0.00123702
-1.7   -1.6   70   100   0.997989   0.00396402   0.00396402
-1.7   -1.6   100   500   1   0.00456821   0.00456821
-1.6   -1.5   -34.5455   10   0   0   0
-1.6   -1.5   10   19   1.0166   0.224629   0.224629
-1.6   -1.5   19   23   0.893963   0.0475829   0.0475829
-1.6   -1.5   23   25   0.944804   0.0456804   0.0456804
-1.6   -1.5   25   27   0.932871   0.0107159   0.0107159
-1.6   -1.5   27   30   0.967947   0.00816303   0.00816303
-1.6   -1.5   30   35   0.99374   0.0046664   0.0046664
-1.6   -1.5   35   40   0.998639   0.00196883   0.00196883
-1.6   -1.5   40   45   0.998247   0.00225959   0.00225959
-1.6   -1.5   45   70   0.998773   0.00146361   0.00146361
-1.6   -1.5   70   100   1.00163   0.00940554   0.00940554
-1.6   -1.5   100   500   0.992762   0.00577912   0.00577912
-1.5   -1.4   -34.5455   10   0   0   0
-1.5   -1.4   10   19   2.45455   1.776   1.776
-1.5   -1.4   19   23   2.10214   0.318609   0.318609
-1.5   -1.4   23   25   1.40881   0.0429119   0.0429119
-1.5   -1.4   25   27   1.00242   0.0221297   0.0221297
-1.5   -1.4   27   30   0.986668   0.00605133   0.00605133
-1.5   -1.4   30   35   0.993126   0.00261659   0.00261659
-1.5   -1.4   35   40   0.983965   0.00260166   0.00260166
-1.5   -1.4   40   45   0.992988   0.00233687   0.00233687
-1.5   -1.4   45   70   0.990596   0.00176153   0.00176153
-1.5   -1.4   70   100   0.971808   0.00657116   0.00657116
-1.5   -1.4   100   500   0.937921   0.0122021   0.0122021
-1.4   -1.3   -34.5455   10   0   0   0
-1.4   -1.3   10   19   1.5   1.50564   1.50564
-1.4   -1.3   19   23   2.92333   0.234713   0.234713
-1.4   -1.3   23   25   1.61111   0.0760669   0.0760669
-1.4   -1.3   25   27   1.00617   0.0132305   0.0132305
-1.4   -1.3   27   30   0.989778   0.00414808   0.00414808
-1.4   -1.3   30   35   0.99937   0.00211597   0.00211597
-1.4   -1.3   35   40   0.994313   0.00160791   0.00160791
-1.4   -1.3   40   45   0.994357   0.00103424   0.00103424
-1.4   -1.3   45   70   0.995502   0.00105027   0.00105027
-1.4   -1.3   70   100   0.998786   0.00353615   0.00353615
-1.4   -1.3   100   500   0.991328   0.00754873   0.00754873
-1.3   -1.2   -34.5455   10   0   0   0
-1.3   -1.2   10   19   1   2.34669   2.34669
-1.3   -1.2   19   23   3.10847   0.294743   0.294743
-1.3   -1.2   23   25   1.39181   0.0448543   0.0448543
-1.3   -1.2   25   27   0.964703   0.0112868   0.0112868
-1.3   -1.2   27   30   0.988343   0.00479853   0.00479853
-1.3   -1.2   30   35   0.991957   0.00221324   0.00221324
-1.3   -1.2   35   40   0.98959   0.00198077   0.00198077
-1.3   -1.2   40   45   0.99266   0.00176821   0.00176821
-1.3   -1.2   45   70   0.991263   0.00145933   0.00145933
-1.3   -1.2   70   100   0.993297   0.00407371   0.00407371
-1.3   -1.2   100   500   1.00091   0.00597006   0.00597006
-1.2   -1.1   -34.5455   10   0   0   0
-1.2   -1.1   10   19   0.75   1.03156   1.03156
-1.2   -1.1   19   23   2.81769   0.272108   0.272108
-1.2   -1.1   23   25   1.21642   0.02588   0.02588
-1.2   -1.1   25   27   0.957839   0.00971057   0.00971057
-1.2   -1.1   27   30   0.988108   0.00795618   0.00795618
-1.2   -1.1   30   35   0.994727   0.00332349   0.00332349
-1.2   -1.1   35   40   0.99198   0.00320384   0.00320384
-1.2   -1.1   40   45   0.99195   0.00115976   0.00115976
-1.2   -1.1   45   70   0.992588   0.00195229   0.00195229
-1.2   -1.1   70   100   0.991981   0.00412662   0.00412662
-1.2   -1.1   100   500   0.993723   0.00663984   0.00663984
-1.1   -1   -34.5455   10   0   0   0
-1.1   -1   10   19   3   4.80234   4.80234
-1.1   -1   19   23   2.83733   0.617667   0.617667
-1.1   -1   23   25   1.24693   0.0289798   0.0289798
-1.1   -1   25   27   1.00177   0.0100998   0.0100998
-1.1   -1   27   30   1.00278   0.00521359   0.00521359
-1.1   -1   30   35   1.00548   0.00198605   0.00198605
-1.1   -1   35   40   0.997927   0.00137041   0.00137041
-1.1   -1   40   45   0.995788   0.00116899   0.00116899
-1.1   -1   45   70   0.996197   0.00116098   0.00116098
-1.1   -1   70   100   0.996244   0.00327428   0.00327428
-1.1   -1   100   500   0.988984   0.00466465   0.00466465
-1   -0.9   -34.5455   10   0   0   0
-1   -0.9   10   19   0.666667   0.835645   0.835645
-1   -0.9   19   23   3.5798   0.360684   0.360684
-1   -0.9   23   25   1.31866   0.0287638   0.0287638
-1   -0.9   25   27   0.977887   0.00824271   0.00824271
-1   -0.9   27   30   0.996594   0.00480963   0.00480963
-1   -0.9   30   35   0.995296   0.00202112   0.00202112
-1   -0.9   35   40   0.988147   0.00158707   0.00158707
-1   -0.9   40   45   0.987404   0.00129869   0.00129869
-1   -0.9   45   70   0.98842   0.00104671   0.00104671
-1   -0.9   70   100   0.989003   0.00357112   0.00357112
-1   -0.9   100   500   0.989095   0.00845522   0.00845522
-0.9   -0.8   -34.5455   10   0   0   0
-0.9   -0.8   10   19   3   4.12311   4.12311
-0.9   -0.8   19   23   2.72727   0.210601   0.210601
-0.9   -0.8   23   25   1.31571   0.0396036   0.0396036
-0.9   -0.8   25   27   0.985514   0.00691884   0.00691884
-0.9   -0.8   27   30   0.995629   0.00418422   0.00418422
-0.9   -0.8   30   35   0.984429   0.00198427   0.00198427
-0.9   -0.8   35   40   0.983512   0.00121389   0.00121389
-0.9   -0.8   40   45   0.981066   0.00167392   0.00167392
-0.9   -0.8   45   70   0.983742   0.00130461   0.00130461
-0.9   -0.8   70   100   0.989249   0.00449223   0.00449223
-0.9   -0.8   100   500   0.979559   0.00881145   0.00881145
-0.8   -0.7   -34.5455   10   0   0   0
-0.8   -0.7   10   19   0.75   0.887764   0.887764
-0.8   -0.7   19   23   2.225   0.156269   0.156269
-0.8   -0.7   23   25   1.09162   0.0208516   0.0208516
-0.8   -0.7   25   27   0.988464   0.00731167   0.00731167
-0.8   -0.7   27   30   0.998072   0.00669505   0.00669505
-0.8   -0.7   30   35   1.00442   0.00207327   0.00207327
-0.8   -0.7   35   40   0.993492   0.00173905   0.00173905
-0.8   -0.7   40   45   0.994861   0.0019949   0.0019949
-0.8   -0.7   45   70   0.995814   0.00109923   0.00109923
-0.8   -0.7   70   100   0.992795   0.00375159   0.00375159
-0.8   -0.7   100   500   0.990857   0.00651325   0.00651325
-0.7   -0.6   -34.5455   10   0   0   0
-0.7   -0.6   10   19   2   2.57391   2.57391
-0.7   -0.6   19   23   2.00943   0.15186   0.15186
-0.7   -0.6   23   25   1.09114   0.0170673   0.0170673
-0.7   -0.6   25   27   0.988928   0.007601   0.007601
-0.7   -0.6   27   30   1.00383   0.00349452   0.00349452
-0.7   -0.6   30   35   0.997069   0.00175595   0.00175595
-0.7   -0.6   35   40   0.994008   0.00119336   0.00119336
-0.7   -0.6   40   45   0.994455   0.000977052   0.000977052
-0.7   -0.6   45   70   0.994896   0.000828378   0.000828378
-0.7   -0.6   70   100   0.998074   0.00342588   0.00342588
-0.7   -0.6   100   500   0.987941   0.00713398   0.00713398
-0.6   -0.5   -34.5455   10   0   0   0
-0.6   -0.5   10   19   1   1.22758   1.22758
-0.6   -0.5   19   23   2.10145   0.146016   0.146016
-0.6   -0.5   23   25   1.06994   0.0244101   0.0244101
-0.6   -0.5   25   27   0.987328   0.00765472   0.00765472
-0.6   -0.5   27   30   1.00499   0.0112662   0.0112662
-0.6   -0.5   30   35   0.996443   0.00222144   0.00222144
-0.6   -0.5   35   40   0.993386   0.00148159   0.00148159
-0.6   -0.5   40   45   0.990561   0.00130303   0.00130303
-0.6   -0.5   45   70   0.992758   0.00075486   0.00075486
-0.6   -0.5   70   100   0.990907   0.00582865   0.00582865
-0.6   -0.5   100   500   0.992378   0.00801964   0.00801964
-0.5   -0.4   -34.5455   10   0   0   0
-0.5   -0.4   10   19   9   11.2805   11.2805
-0.5   -0.4   19   23   2.41395   0.319374   0.319374
-0.5   -0.4   23   25   1.04752   0.0143431   0.0143431
-0.5   -0.4   25   27   0.967305   0.00615921   0.00615921
-0.5   -0.4   27   30   0.988612   0.00346716   0.00346716
-0.5   -0.4   30   35   0.989251   0.00300926   0.00300926
-0.5   -0.4   35   40   0.986861   0.00144427   0.00144427
-0.5   -0.4   40   45   0.985713   0.000992624   0.000992624
-0.5   -0.4   45   70   0.989268   0.00110675   0.00110675
-0.5   -0.4   70   100   0.994424   0.0040261   0.0040261
-0.5   -0.4   100   500   0.988804   0.0054305   0.0054305
-0.4   -0.3   -34.5455   10   0   0   0
-0.4   -0.3   10   19   0.857143   0.687716   0.687716
-0.4   -0.3   19   23   2.45382   0.164545   0.164545
-0.4   -0.3   23   25   1.11685   0.0157606   0.0157606
-0.4   -0.3   25   27   0.953044   0.00693662   0.00693662
-0.4   -0.3   27   30   0.970679   0.0043566   0.0043566
-0.4   -0.3   30   35   0.974529   0.00221681   0.00221681
-0.4   -0.3   35   40   0.982128   0.00136531   0.00136531
-0.4   -0.3   40   45   0.981103   0.00159647   0.00159647
-0.4   -0.3   45   70   0.985275   0.00102626   0.00102626
-0.4   -0.3   70   100   0.985211   0.00371287   0.00371287
-0.4   -0.3   100   500   0.981905   0.00499904   0.00499904
-0.3   -0.2   -34.5455   10   0   0   0
-0.3   -0.2   10   19   0   0   0
-0.3   -0.2   19   23   2.56028   0.268572   0.268572
-0.3   -0.2   23   25   1.11378   0.0170581   0.0170581
-0.3   -0.2   25   27   0.974995   0.00643808   0.00643808
-0.3   -0.2   27   30   0.976766   0.00696104   0.00696104
-0.3   -0.2   30   35   0.979513   0.00193511   0.00193511
-0.3   -0.2   35   40   0.97922   0.00223605   0.00223605
-0.3   -0.2   40   45   0.980862   0.00101688   0.00101688
-0.3   -0.2   45   70   0.987251   0.00117279   0.00117279
-0.3   -0.2   70   100   0.992914   0.00332274   0.00332274
-0.3   -0.2   100   500   0.992003   0.00547514   0.00547514
-0.2   -0.1   -34.5455   10   0   0   0
-0.2   -0.1   10   19   0   0.352941   0.352941
-0.2   -0.1   19   23   3.04834   0.375902   0.375902
-0.2   -0.1   23   25   1.14727   0.0164411   0.0164411
-0.2   -0.1   25   27   0.981445   0.010106   0.010106
-0.2   -0.1   27   30   0.984844   0.00338763   0.00338763
-0.2   -0.1   30   35   0.985078   0.00202318   0.00202318
-0.2   -0.1   35   40   0.986906   0.00116759   0.00116759
-0.2   -0.1   40   45   0.986365   0.00105611   0.00105611
-0.2   -0.1   45   70   0.991936   0.000794619   0.000794619
-0.2   -0.1   70   100   0.992208   0.00264132   0.00264132
-0.2   -0.1   100   500   0.996261   0.00842252   0.00842252
-0.1   0   -34.5455   10   0   0   0
-0.1   0   10   19   0   12.2376   12.2376
-0.1   0   19   23   2.39323   0.258566   0.258566
-0.1   0   23   25   1.01818   0.0140345   0.0140345
-0.1   0   25   27   0.946624   0.0105865   0.0105865
-0.1   0   27   30   0.968245   0.0060086   0.0060086
-0.1   0   30   35   0.970311   0.00210216   0.00210216
-0.1   0   35   40   0.97908   0.00243045   0.00243045
-0.1   0   40   45   0.981489   0.00129278   0.00129278
-0.1   0   45   70   0.986214   0.00112832   0.00112832
-0.1   0   70   100   0.995806   0.00431848   0.00431848
-0.1   0   100   500   1.00082   0.00640793   0.00640793
0   0.1   -34.5455   10   0   0   0
0   0.1   10   19   1.5   1.22758   1.22758
0   0.1   19   23   3.56115   0.494434   0.494434
0   0.1   23   25   1.14924   0.0184277   0.0184277
0   0.1   25   27   0.954326   0.00618168   0.00618168
0   0.1   27   30   0.953413   0.00391502   0.00391502
0   0.1   30   35   0.964589   0.00330852   0.00330852
0   0.1   35   40   0.975732   0.00171528   0.00171528
0   0.1   40   45   0.978175   0.00119613   0.00119613
0   0.1   45   70   0.984877   0.00161335   0.00161335
0   0.1   70   100   0.991798   0.00769901   0.00769901
0   0.1   100   500   0.992654   0.00585958   0.00585958
0.1   0.2   -34.5455   10   0   0   0
0.1   0.2   10   19   1.2   1.52   1.52
0.1   0.2   19   23   4.16744   1.09379   1.09379
0.1   0.2   23   25   1.19065   0.0338416   0.0338416
0.1   0.2   25   27   0.963304   0.00739762   0.00739762
0.1   0.2   27   30   0.973872   0.0041602   0.0041602
0.1   0.2   30   35   0.970863   0.0025047   0.0025047
0.1   0.2   35   40   0.972889   0.0013124   0.0013124
0.1   0.2   40   45   0.97559   0.00108275   0.00108275
0.1   0.2   45   70   0.978374   0.00170099   0.00170099
0.1   0.2   70   100   0.990962   0.00563842   0.00563842
0.1   0.2   100   500   0.984721   0.00609113   0.00609113
0.2   0.3   -34.5455   10   0   0   0
0.2   0.3   10   19   1   1.85592   1.85592
0.2   0.3   19   23   4.216   0.357336   0.357336
0.2   0.3   23   25   1.24282   0.0183472   0.0183472
0.2   0.3   25   27   0.956866   0.00702634   0.00702634
0.2   0.3   27   30   0.966017   0.00475727   0.00475727
0.2   0.3   30   35   0.971497   0.00185498   0.00185498
0.2   0.3   35   40   0.969163   0.00190285   0.00190285
0.2   0.3   40   45   0.971798   0.001304   0.001304
0.2   0.3   45   70   0.976823   0.00111032   0.00111032
0.2   0.3   70   100   0.983475   0.00528089   0.00528089
0.2   0.3   100   500   0.986968   0.00614528   0.00614528
0.3   0.4   -34.5455   10   0   0   0
0.3   0.4   10   19   1.5   2.74955   2.74955
0.3   0.4   19   23   3.76632   0.321068   0.321068
0.3   0.4   23   25   1.22644   0.0235982   0.0235982
0.3   0.4   25   27   0.95405   0.0070616   0.0070616
0.3   0.4   27   30   0.963252   0.007206   0.007206
0.3   0.4   30   35   0.964556   0.00205948   0.00205948
0.3   0.4   35   40   0.967952   0.00155052   0.00155052
0.3   0.4   40   45   0.968285   0.0010315   0.0010315
0.3   0.4   45   70   0.969945   0.00104516   0.00104516
0.3   0.4   70   100   0.982961   0.00332996   0.00332996
0.3   0.4   100   500   0.975511   0.00518889   0.00518889
0.4   0.5   -34.5455   10   0   0   0
0.4   0.5   10   19   2.5   4.1833   4.1833
0.4   0.5   19   23   2.68306   0.209647   0.209647
0.4   0.5   23   25   1.2343   0.0173097   0.0173097
0.4   0.5   25   27   0.969945   0.00547842   0.00547842
0.4   0.5   27   30   0.983594   0.00473853   0.00473853
0.4   0.5   30   35   0.977182   0.00290396   0.00290396
0.4   0.5   35   40   0.977444   0.00115082   0.00115082
0.4   0.5   40   45   0.977287   0.00105251   0.00105251
0.4   0.5   45   70   0.98177   0.0010983   0.0010983
0.4   0.5   70   100   0.983347   0.00334974   0.00334974
0.4   0.5   100   500   0.979693   0.00602534   0.00602534
0.5   0.6   -34.5455   10   0   0   0
0.5   0.6   10   19   1.25   1.31913   1.31913
0.5   0.6   19   23   2.93355   0.441718   0.441718
0.5   0.6   23   25   1.26965   0.0251622   0.0251622
0.5   0.6   25   27   0.985679   0.00987457   0.00987457
0.5   0.6   27   30   0.993253   0.00348109   0.00348109
0.5   0.6   30   35   0.992507   0.00250377   0.00250377
0.5   0.6   35   40   0.987574   0.001281   0.001281
0.5   0.6   40   45   0.986328   0.0013824   0.0013824
0.5   0.6   45   70   0.989445   0.000686784   0.000686784
0.5   0.6   70   100   0.987914   0.00277257   0.00277257
0.5   0.6   100   500   0.988432   0.00363376   0.00363376
0.6   0.7   -34.5455   10   0   0   0
0.6   0.7   10   19   1.25   1.27544   1.27544
0.6   0.7   19   23   4.54222   0.603473   0.603473
0.6   0.7   23   25   1.29588   0.0240248   0.0240248
0.6   0.7   25   27   0.995585   0.00500175   0.00500175
0.6   0.7   27   30   1.00456   0.00335403   0.00335403
0.6   0.7   30   35   0.999582   0.0019405   0.0019405
0.6   0.7   35   40   0.992798   0.00135169   0.00135169
0.6   0.7   40   45   0.992235   0.00124966   0.00124966
0.6   0.7   45   70   0.991468   0.000893342   0.000893342
0.6   0.7   70   100   0.993543   0.00451312   0.00451312
0.6   0.7   100   500   0.994058   0.00379997   0.00379997
0.7   0.8   -34.5455   10   0   0   0
0.7   0.8   10   19   1.5   2.06216   2.06216
0.7   0.8   19   23   3.46591   0.41529   0.41529
0.7   0.8   23   25   1.27907   0.0357203   0.0357203
0.7   0.8   25   27   0.984778   0.0126151   0.0126151
0.7   0.8   27   30   1.00473   0.00553941   0.00553941
0.7   0.8   30   35   0.994437   0.00204998   0.00204998
0.7   0.8   35   40   0.9824   0.002049   0.002049
0.7   0.8   40   45   0.98413   0.00106755   0.00106755
0.7   0.8   45   70   0.987272   0.0012441   0.0012441
0.7   0.8   70   100   0.975789   0.00952812   0.00952812
0.7   0.8   100   500   0.980744   0.00551554   0.00551554
0.8   0.9   -34.5455   10   0   0   0
0.8   0.9   10   19   0.5   0.756637   0.756637
0.8   0.9   19   23   4.41709   0.750096   0.750096
0.8   0.9   23   25   1.37059   0.0532014   0.0532014
0.8   0.9   25   27   1.01346   0.00584671   0.00584671
0.8   0.9   27   30   1.00202   0.00370202   0.00370202
0.8   0.9   30   35   0.999163   0.00255067   0.00255067
0.8   0.9   35   40   0.990652   0.00257247   0.00257247
0.8   0.9   40   45   0.990298   0.00120214   0.00120214
0.8   0.9   45   70   0.991335   0.00122948   0.00122948
0.8   0.9   70   100   0.991479   0.00598215   0.00598215
0.8   0.9   100   500   0.99416   0.00515563   0.00515563
0.9   1   -34.5455   10   0   0   0
0.9   1   10   19   0.75   0.964839   0.964839
0.9   1   19   23   5.14024   0.510149   0.510149
0.9   1   23   25   1.40772   0.0299699   0.0299699
0.9   1   25   27   0.998776   0.0101739   0.0101739
0.9   1   27   30   1.00769   0.00468316   0.00468316
0.9   1   30   35   0.995195   0.00221592   0.00221592
0.9   1   35   40   0.990846   0.00108642   0.00108642
0.9   1   40   45   0.989467   0.000940473   0.000940473
0.9   1   45   70   0.992119   0.0010448   0.0010448
0.9   1   70   100   0.991164   0.00593431   0.00593431
0.9   1   100   500   0.987554   0.00546089   0.00546089
1   1.1   -34.5455   10   0   0   0
1   1.1   10   19   1.5   2.25   2.25
1   1.1   19   23   4.89143   0.931781   0.931781
1   1.1   23   25   1.40622   0.0388514   0.0388514
1   1.1   25   27   0.995411   0.00729932   0.00729932
1   1.1   27   30   1.00417   0.00348232   0.00348232
1   1.1   30   35   0.996857   0.00314588   0.00314588
1   1.1   35   40   0.99648   0.0014857   0.0014857
1   1.1   40   45   0.991195   0.00105563   0.00105563
1   1.1   45   70   0.992323   0.000842055   0.000842055
1   1.1   70   100   0.992426   0.00371924   0.00371924
1   1.1   100   500   0.98058   0.00951766   0.00951766
1.1   1.2   -34.5455   10   0   0   0
1.1   1.2   10   19   2   3.39935   3.39935
1.1   1.2   19   23   3.09818   0.483478   0.483478
1.1   1.2   23   25   1.49338   0.0329298   0.0329298
1.1   1.2   25   27   0.978095   0.0154545   0.0154545
1.1   1.2   27   30   0.990904   0.00518227   0.00518227
1.1   1.2   30   35   1.00084   0.00192201   0.00192201
1.1   1.2   35   40   0.998441   0.0012934   0.0012934
1.1   1.2   40   45   0.996606   0.00100142   0.00100142
1.1   1.2   45   70   0.994977   0.00236489   0.00236489
1.1   1.2   70   100   0.99545   0.00340291   0.00340291
1.1   1.2   100   500   0.992041   0.00434236   0.00434236
1.2   1.3   -34.5455   10   0   0   0
1.2   1.3   10   19   1.5   2.81033   2.81033
1.2   1.3   19   23   6.0687   0.88703   0.88703
1.2   1.3   23   25   1.88352   0.0622366   0.0622366
1.2   1.3   25   27   1.02413   0.0206521   0.0206521
1.2   1.3   27   30   1.00174   0.0121611   0.0121611
1.2   1.3   30   35   1.01114   0.00426497   0.00426497
1.2   1.3   35   40   1.0024   0.00165897   0.00165897
1.2   1.3   40   45   1.00103   0.00124428   0.00124428
1.2   1.3   45   70   0.998973   0.00160376   0.00160376
1.2   1.3   70   100   0.994137   0.00917229   0.00917229
1.2   1.3   100   500   0.99869   0.00480922   0.00480922
1.3   1.4   -34.5455   10   0   0   0
1.3   1.4   10   19   0   0.5   0.5
1.3   1.4   19   23   5.83607   0.819737   0.819737
1.3   1.4   23   25   1.95604   0.0650769   0.0650769
1.3   1.4   25   27   1.03368   0.011154   0.011154
1.3   1.4   27   30   0.994974   0.0073868   0.0073868
1.3   1.4   30   35   0.997384   0.00200287   0.00200287
1.3   1.4   35   40   0.996802   0.00216327   0.00216327
1.3   1.4   40   45   0.998564   0.00141577   0.00141577
1.3   1.4   45   70   0.999796   0.00125983   0.00125983
1.3   1.4   70   100   0.99737   0.00301517   0.00301517
1.3   1.4   100   500   1.00242   0.00272376   0.00272376
1.4   1.5   -34.5455   10   0   0   0
1.4   1.5   10   19   1.75   2.46241   2.46241
1.4   1.5   19   23   2.25287   0.55372   0.55372
1.4   1.5   23   25   1.70714   0.0522995   0.0522995
1.4   1.5   25   27   1.02047   0.0149427   0.0149427
1.4   1.5   27   30   1.00319   0.00621085   0.00621085
1.4   1.5   30   35   1.00208   0.00211682   0.00211682
1.4   1.5   35   40   0.987585   0.00178205   0.00178205
1.4   1.5   40   45   0.997938   0.00154183   0.00154183
1.4   1.5   45   70   0.998567   0.00167172   0.00167172
1.4   1.5   70   100   0.96036   0.00688852   0.00688852
1.4   1.5   100   500   0.945299   0.0100064   0.0100064
1.5   1.6   -34.5455   10   0   0   0
1.5   1.6   10   19   0.917874   0.409924   0.409924
1.5   1.6   19   23   0.917436   0.0577163   0.0577163
1.5   1.6   23   25   1.0095   0.0291186   0.0291186
1.5   1.6   25   27   0.884987   0.0132701   0.0132701
1.5   1.6   27   30   0.946795   0.00600238   0.00600238
1.5   1.6   30   35   0.982299   0.00403167   0.00403167
1.5   1.6   35   40   0.992621   0.00216319   0.00216319
1.5   1.6   40   45   0.99846   0.00140354   0.00140354
1.5   1.6   45   70   0.993895   0.00250678   0.00250678
1.5   1.6   70   100   0.996464   0.00501944   0.00501944
1.5   1.6   100   500   0.999597   0.00593683   0.00593683
1.6   1.7   -34.5455   10   0   0   0
1.6   1.7   10   19   2   1.93658   1.93658
1.6   1.7   19   23   1.76803   0.155407   0.155407
1.6   1.7   23   25   1.08724   0.0359882   0.0359882
1.6   1.7   25   27   0.886772   0.00814451   0.00814451
1.6   1.7   27   30   0.947066   0.00517415   0.00517415
1.6   1.7   30   35   0.988216   0.00196097   0.00196097
1.6   1.7   35   40   0.996827   0.00169125   0.00169125
1.6   1.7   40   45   0.996244   0.00134213   0.00134213
1.6   1.7   45   70   0.996667   0.00124783   0.00124783
1.6   1.7   70   100   0.998191   0.00238763   0.00238763
1.6   1.7   100   500   0.992789   0.00388095   0.00388095
1.7   1.8   -34.5455   10   0   0   0
1.7   1.8   10   19   0.6   1.003   1.003
1.7   1.8   19   23   2.56494   0.300012   0.300012
1.7   1.8   23   25   1.35891   0.0334334   0.0334334
1.7   1.8   25   27   0.912911   0.0118969   0.0118969
1.7   1.8   27   30   0.93862   0.00760123   0.00760123
1.7   1.8   30   35   0.985101   0.00209696   0.00209696
1.7   1.8   35   40   1.00143   0.00272388   0.00272388
1.7   1.8   40   45   0.996866   0.0015438   0.0015438
1.7   1.8   45   70   0.994251   0.00144262   0.00144262
1.7   1.8   70   100   0.997387   0.00271463   0.00271463
1.7   1.8   100   500   1.0002   0.00396911   0.00396911
1.8   1.9   -34.5455   10   0   0   0
1.8   1.9   10   19   0.611111   0.418783   0.418783
1.8   1.9   19   23   1.09126   0.0966823   0.0966823
1.8   1.9   23   25   1.01678   0.0539328   0.0539328
1.8   1.9   25   27   0.889984   0.00884995   0.00884995
1.8   1.9   27   30   0.919494   0.00496854   0.00496854
1.8   1.9   30   35   0.968772   0.00313079   0.00313079
1.8   1.9   35   40   0.983925   0.00247011   0.00247011
1.8   1.9   40   45   0.984856   0.00148428   0.00148428
1.8   1.9   45   70   0.986982   0.00103129   0.00103129
1.8   1.9   70   100   0.992271   0.00405817   0.00405817
1.8   1.9   100   500   0.977934   0.00780248   0.00780248
1.9   2   -34.5455   10   0   0   0
1.9   2   10   19   0.25   0.363242   0.363242
1.9   2   19   23   0.525748   0.0565546   0.0565546
1.9   2   23   25   0.942837   0.0258108   0.0258108
1.9   2   25   27   0.918693   0.0141323   0.0141323
1.9   2   27   30   0.935538   0.00547586   0.00547586
1.9   2   30   35   0.978933   0.00225477   0.00225477
1.9   2   35   40   0.987292   0.0013064   0.0013064
1.9   2   40   45   0.993302   0.00127692   0.00127692
1.9   2   45   70   0.995443   0.00217667   0.00217667
1.9   2   70   100   0.995867   0.00363123   0.00363123
1.9   2   100   500   1.0002   0.00471062   0.00471062
2   2.1   -34.5455   10   0   0   0
2   2.1   10   19   0   0   0
2   2.1   19   23   0.252742   0.0321259   0.0321259
2   2.1   23   25   0.715943   0.0204928   0.0204928
2   2.1   25   27   0.887681   0.0124338   0.0124338
2   2.1   27   30   0.938295   0.00588552   0.00588552
2   2.1   30   35   0.977898   0.00398028   0.00398028
2   2.1   35   40   0.993877   0.00168418   0.00168418
2   2.1   40   45   0.998779   0.00246982   0.00246982
2   2.1   45   70   0.997571   0.00183973   0.00183973
2   2.1   70   100   0.995181   0.00308983   0.00308983
2   2.1   100   500   1.00191   0.00485023   0.00485023
2.1   2.2   -34.5455   10   0   0   0
2.1   2.2   10   19   0.107143   0.125416   0.125416
2.1   2.2   19   23   0.157153   0.0134777   0.0134777
2.1   2.2   23   25   0.542433   0.0185532   0.0185532
2.1   2.2   25   27   0.80405   0.0104953   0.0104953
2.1   2.2   27   30   0.906368   0.00655208   0.00655208
2.1   2.2   30   35   0.942487   0.00384192   0.00384192
2.1   2.2   35   40   0.978863   0.00241934   0.00241934
2.1   2.2   40   45   0.985826   0.00209547   0.00209547
2.1   2.2   45   70   0.987402   0.00230741   0.00230741
2.1   2.2   70   100   0.995285   0.00419139   0.00419139
2.1   2.2   100   500   0.990078   0.0110746   0.0110746
2.2   2.3   -34.5455   10   0   0   0
2.2   2.3   10   19   0.0714286   0.0805169   0.0805169
2.2   2.3   19   23   0.0820677   0.00888214   0.00888214
2.2   2.3   23   25   0.412591   0.0156994   0.0156994
2.2   2.3   25   27   0.747085   0.0100033   0.0100033
2.2   2.3   27   30   0.865664   0.00735623   0.00735623
2.2   2.3   30   35   0.932847   0.00296444   0.00296444
2.2   2.3   35   40   0.967722   0.003134   0.003134
2.2   2.3   40   45   0.978797   0.00180945   0.00180945
2.2   2.3   45   70   0.98189   0.00155507   0.00155507
2.2   2.3   70   100   0.988877   0.00470663   0.00470663
2.2   2.3   100   500   0.99499   0.00977539   0.00977539
2.3   2.4   -34.5455   10   0   0   0
2.3   2.4   10   19   0   0   0
2.3   2.4   19   23   0.0572427   0.009546   0.009546
2.3   2.4   23   25   0.320266   0.0125051   0.0125051
2.3   2.4   25   27   0.656355   0.0152769   0.0152769
2.3   2.4   27   30   0.802468   0.00846639   0.00846639
2.3   2.4   30   35   0.898365   0.00485257   0.00485257
2.3   2.4   35   40   0.952922   0.00322906   0.00322906
2.3   2.4   40   45   0.981958   0.00243472   0.00243472
2.3   2.4   45   70   0.987886   0.00322482   0.00322482
2.3   2.4   70   100   0.977773   0.0101472   0.0101472
2.3   2.4   100   500   0.996493   0.0070465   0.0070465
2.4   2.5   -34.5455   10   0   0   0
2.4   2.5   10   19   0   0   0
2.4   2.5   19   23   0.170772   0.0339482   0.0339482
2.4   2.5   23   25   0.404425   0.0272717   0.0272717
2.4   2.5   25   27   0.684852   0.0185248   0.0185248
2.4   2.5   27   30   0.777829   0.0164824   0.0164824
2.4   2.5   30   35   0.830001   0.00801622   0.00801622
2.4   2.5   35   40   0.855414   0.0068586   0.0068586
2.4   2.5   40   45   0.877215   0.00509975   0.00509975
2.4   2.5   45   70   0.900781   0.00460726   0.00460726
2.4   2.5   70   100   0.986838   0.0139063   0.0139063
2.4   2.5   100   500   0.975757   0.0280103   0.0280103
