-2.6   -2.5   -34.5455   10   0   0   0
-2.6   -2.5   10   19   0   0   0
-2.6   -2.5   19   23   0   0   0
-2.6   -2.5   23   25   0   0   0
-2.6   -2.5   25   27   0   0   0
-2.6   -2.5   27   30   0   0   0
-2.6   -2.5   30   35   0   0   0
-2.6   -2.5   35   40   0   0   0
-2.6   -2.5   40   45   0   0   0
-2.6   -2.5   45   70   0   0   0
-2.6   -2.5   70   100   0   0   0
-2.6   -2.5   100   500   0   0   0
-2.5   -2.4   -34.5455   10   0   0   0
-2.5   -2.4   10   19   0   0.00970874   0.00970874
-2.5   -2.4   19   23   0.0510466   0.00677411   0.00677411
-2.5   -2.4   23   25   0.372718   0.0155418   0.0155418
-2.5   -2.4   25   27   0.756501   0.022188   0.022188
-2.5   -2.4   27   30   0.887033   0.0125323   0.0125323
-2.5   -2.4   30   35   0.912496   0.00515935   0.00515935
-2.5   -2.4   35   40   0.905083   0.0049551   0.0049551
-2.5   -2.4   40   45   0.912976   0.00316258   0.00316258
-2.5   -2.4   45   70   0.943252   0.0039194   0.0039194
-2.5   -2.4   70   100   0.994267   0.00554812   0.00554812
-2.5   -2.4   100   500   0.975116   0.0197522   0.0197522
-2.4   -2.3   -34.5455   10   0   0   0
-2.4   -2.3   10   19   0   0.0285172   0.0285172
-2.4   -2.3   19   23   0.0447142   0.00526485   0.00526485
-2.4   -2.3   23   25   0.415739   0.0121634   0.0121634
-2.4   -2.3   25   27   0.801165   0.0110853   0.0110853
-2.4   -2.3   27   30   0.941886   0.00633766   0.00633766
-2.4   -2.3   30   35   0.979132   0.00346644   0.00346644
-2.4   -2.3   35   40   0.99307   0.00215196   0.00215196
-2.4   -2.3   40   45   1.00551   0.00369066   0.00369066
-2.4   -2.3   45   70   0.998252   0.00223823   0.00223823
-2.4   -2.3   70   100   0.98645   0.00570315   0.00570315
-2.4   -2.3   100   500   1.00141   0.0104793   0.0104793
-2.3   -2.2   -34.5455   10   0   0   0
-2.3   -2.2   10   19   0   0.00319489   0.00319489
-2.3   -2.2   19   23   0.070775   0.00675486   0.00675486
-2.3   -2.2   23   25   0.548483   0.0116813   0.0116813
-2.3   -2.2   25   27   0.896814   0.0120948   0.0120948
-2.3   -2.2   27   30   0.972758   0.0046131   0.0046131
-2.3   -2.2   30   35   0.985855   0.00229739   0.00229739
-2.3   -2.2   35   40   0.997132   0.00241282   0.00241282
-2.3   -2.2   40   45   0.996934   0.00241318   0.00241318
-2.3   -2.2   45   70   0.993516   0.00130864   0.00130864
-2.3   -2.2   70   100   0.993171   0.00392873   0.00392873
-2.3   -2.2   100   500   0.997287   0.00935876   0.00935876
-2.2   -2.1   -34.5455   10   0   0   0
-2.2   -2.1   10   19   0.00980392   0.0158956   0.0158956
-2.2   -2.1   19   23   0.0882796   0.00614612   0.00614612
-2.2   -2.1   23   25   0.631911   0.0164344   0.0164344
-2.2   -2.1   25   27   0.941324   0.00697689   0.00697689
-2.2   -2.1   27   30   0.988752   0.00476732   0.00476732
-2.2   -2.1   30   35   0.997337   0.00178766   0.00178766
-2.2   -2.1   35   40   1.00368   0.00174668   0.00174668
-2.2   -2.1   40   45   1.00377   0.00141255   0.00141255
-2.2   -2.1   45   70   1.00254   0.00110543   0.00110543
-2.2   -2.1   70   100   0.991384   0.00571683   0.00571683
-2.2   -2.1   100   500   1.00282   0.00500281   0.00500281
-2.1   -2   -34.5455   10   0   0   0
-2.1   -2   10   19   0   0   0
-2.1   -2   19   23   0.140537   0.0086843   0.0086843
-2.1   -2   23   25   0.694423   0.0131759   0.0131759
-2.1   -2   25   27   0.950684   0.00699128   0.00699128
-2.1   -2   27   30   0.990505   0.0042108   0.0042108
-2.1   -2   30   35   0.99918   0.00160007   0.00160007
-2.1   -2   35   40   1.00041   0.001853   0.001853
-2.1   -2   40   45   0.998777   0.00133071   0.00133071
-2.1   -2   45   70   0.999189   0.000917963   0.000917963
-2.1   -2   70   100   0.993079   0.00633294   0.00633294
-2.1   -2   100   500   0.993372   0.00524614   0.00524614
-2   -1.9   -34.5455   10   0   0   0
-2   -1.9   10   19   0.210526   0.202136   0.202136
-2   -1.9   19   23   0.359227   0.0249927   0.0249927
-2   -1.9   23   25   0.83278   0.0126882   0.0126882
-2   -1.9   25   27   0.968492   0.0056459   0.0056459
-2   -1.9   27   30   0.996572   0.00633816   0.00633816
-2   -1.9   30   35   0.996103   0.00179968   0.00179968
-2   -1.9   35   40   0.99715   0.00114542   0.00114542
-2   -1.9   40   45   0.99807   0.000907641   0.000907641
-2   -1.9   45   70   0.996453   0.00126208   0.00126208
-2   -1.9   70   100   0.996059   0.00417699   0.00417699
-2   -1.9   100   500   0.995193   0.00472346   0.00472346
-1.9   -1.8   -34.5455   10   0   0   0
-1.9   -1.8   10   19   0.28   0.461667   0.461667
-1.9   -1.8   19   23   0.702401   0.0338831   0.0338831
-1.9   -1.8   23   25   0.966459   0.0141415   0.0141415
-1.9   -1.8   25   27   0.992882   0.00693861   0.00693861
-1.9   -1.8   27   30   0.997525   0.00337377   0.00337377
-1.9   -1.8   30   35   1.00891   0.00188305   0.00188305
-1.9   -1.8   35   40   1.00621   0.00125567   0.00125567
-1.9   -1.8   40   45   1.00242   0.000670797   0.000670797
-1.9   -1.8   45   70   0.999798   0.000800765   0.000800765
-1.9   -1.8   70   100   1.0008   0.00207812   0.00207812
-1.9   -1.8   100   500   1.0004   0.00761947   0.00761947
-1.8   -1.7   -34.5455   10   0   0   0
-1.8   -1.7   10   19   1.45455   0.978568   0.978568
-1.8   -1.7   19   23   1.28731   0.107353   0.107353
-1.8   -1.7   23   25   1.14361   0.0432428   0.0432428
-1.8   -1.7   25   27   0.980699   0.00724628   0.00724628
-1.8   -1.7   27   30   0.993861   0.00454301   0.00454301
-1.8   -1.7   30   35   1.00041   0.00232167   0.00232167
-1.8   -1.7   35   40   1.00215   0.00112653   0.00112653
-1.8   -1.7   40   45   0.998683   0.00128535   0.00128535
-1.8   -1.7   45   70   0.999798   0.000991699   0.000991699
-1.8   -1.7   70   100   0.999094   0.00324033   0.00324033
-1.8   -1.7   100   500   1.00292   0.00455116   0.00455116
-1.7   -1.6   -34.5455   10   0   0   0
-1.7   -1.6   10   19   0.0952381   0.126185   0.126185
-1.7   -1.6   19   23   1.21534   0.059693   0.059693
-1.7   -1.6   23   25   1.09257   0.0232567   0.0232567
-1.7   -1.6   25   27   0.976313   0.00633124   0.00633124
-1.7   -1.6   27   30   0.982621   0.00357183   0.00357183
-1.7   -1.6   30   35   0.994916   0.00246134   0.00246134
-1.7   -1.6   35   40   1.00175   0.001979   0.001979
-1.7   -1.6   40   45   0.996945   0.00100681   0.00100681
-1.7   -1.6   45   70   0.996249   0.000954017   0.000954017
-1.7   -1.6   70   100   0.994562   0.00435147   0.00435147
-1.7   -1.6   100   500   0.995777   0.00462834   0.00462834
-1.6   -1.5   -34.5455   10   0   0   0
-1.6   -1.5   10   19   1.19014   0.156872   0.156872
-1.6   -1.5   19   23   0.936495   0.0432944   0.0432944
-1.6   -1.5   23   25   1.05749   0.0289078   0.0289078
-1.6   -1.5   25   27   1.00191   0.00950735   0.00950735
-1.6   -1.5   27   30   1.00345   0.00533438   0.00533438
-1.6   -1.5   30   35   1.00985   0.0032191   0.0032191
-1.6   -1.5   35   40   1.00564   0.00181392   0.00181392
-1.6   -1.5   40   45   1.00072   0.00138738   0.00138738
-1.6   -1.5   45   70   0.99908   0.00192614   0.00192614
-1.6   -1.5   70   100   0.997863   0.00889542   0.00889542
-1.6   -1.5   100   500   0.990862   0.00596642   0.00596642
-1.5   -1.4   -34.5455   10   0   0   0
-1.5   -1.4   10   19   3.64286   3.20596   3.20596
-1.5   -1.4   19   23   3.20813   0.266702   0.266702
-1.5   -1.4   23   25   2.0188   0.209988   0.209988
-1.5   -1.4   25   27   1.08185   0.0144771   0.0144771
-1.5   -1.4   27   30   1.00898   0.00519252   0.00519252
-1.5   -1.4   30   35   0.990636   0.00222229   0.00222229
-1.5   -1.4   35   40   0.982736   0.00161568   0.00161568
-1.5   -1.4   40   45   0.987747   0.00138714   0.00138714
-1.5   -1.4   45   70   0.98671   0.00143678   0.00143678
-1.5   -1.4   70   100   0.958186   0.00656615   0.00656615
-1.5   -1.4   100   500   0.960101   0.00888059   0.00888059
-1.4   -1.3   -34.5455   10   0   0   0
-1.4   -1.3   10   19   8   12.53   12.53
-1.4   -1.3   19   23   4.13281   0.337838   0.337838
-1.4   -1.3   23   25   1.84342   0.0398702   0.0398702
-1.4   -1.3   25   27   1.07045   0.00983564   0.00983564
-1.4   -1.3   27   30   1.00117   0.00639423   0.00639423
-1.4   -1.3   30   35   0.998533   0.00270331   0.00270331
-1.4   -1.3   35   40   0.995969   0.0013536   0.0013536
-1.4   -1.3   40   45   0.995691   0.000993418   0.000993418
-1.4   -1.3   45   70   0.993974   0.00084142   0.00084142
-1.4   -1.3   70   100   0.994226   0.00586504   0.00586504
-1.4   -1.3   100   500   0.990517   0.00893179   0.00893179
-1.3   -1.2   -34.5455   10   0   0   0
-1.3   -1.2   10   19   1   1.35465   1.35465
-1.3   -1.2   19   23   4.61044   0.387907   0.387907
-1.3   -1.2   23   25   1.69665   0.126657   0.126657
-1.3   -1.2   25   27   1.03658   0.00741678   0.00741678
-1.3   -1.2   27   30   1.00054   0.00336898   0.00336898
-1.3   -1.2   30   35   0.998626   0.00310395   0.00310395
-1.3   -1.2   35   40   0.997082   0.00231508   0.00231508
-1.3   -1.2   40   45   0.992881   0.00165309   0.00165309
-1.3   -1.2   45   70   0.99352   0.00179976   0.00179976
-1.3   -1.2   70   100   0.990731   0.00570447   0.00570447
-1.3   -1.2   100   500   0.984246   0.00518076   0.00518076
-1.2   -1.1   -34.5455   10   0   0   0
-1.2   -1.1   10   19   5.33333   7.20939   7.20939
-1.2   -1.1   19   23   3.05836   0.207686   0.207686
-1.2   -1.1   23   25   1.5016   0.0238378   0.0238378
-1.2   -1.1   25   27   1.01275   0.00829682   0.00829682
-1.2   -1.1   27   30   0.997107   0.00557368   0.00557368
-1.2   -1.1   30   35   0.994502   0.00188491   0.00188491
-1.2   -1.1   35   40   0.994895   0.00165358   0.00165358
-1.2   -1.1   40   45   0.991742   0.00110496   0.00110496
-1.2   -1.1   45   70   0.991544   0.00117134   0.00117134
-1.2   -1.1   70   100   0.990323   0.00593069   0.00593069
-1.2   -1.1   100   500   0.989948   0.00842328   0.00842328
-1.1   -1   -34.5455   10   0   0   0
-1.1   -1   10   19   0   0   0
-1.1   -1   19   23   3.39003   0.473815   0.473815
-1.1   -1   23   25   1.4213   0.0242143   0.0242143
-1.1   -1   25   27   1.02397   0.00526501   0.00526501
-1.1   -1   27   30   1.00353   0.00416356   0.00416356
-1.1   -1   30   35   0.998841   0.00204792   0.00204792
-1.1   -1   35   40   1.00042   0.00209996   0.00209996
-1.1   -1   40   45   0.994543   0.000975062   0.000975062
-1.1   -1   45   70   0.994541   0.00098042   0.00098042
-1.1   -1   70   100   0.990241   0.00437124   0.00437124
-1.1   -1   100   500   0.990826   0.00880716   0.00880716
-1   -0.9   -34.5455   10   0   0   0
-1   -0.9   10   19   0.923077   0.701969   0.701969
-1   -0.9   19   23   3.23193   0.673632   0.673632
-1   -0.9   23   25   1.44396   0.0211156   0.0211156
-1   -0.9   25   27   1.02034   0.00667095   0.00667095
-1   -0.9   27   30   0.992239   0.00367445   0.00367445
-1   -0.9   30   35   0.992472   0.00199366   0.00199366
-1   -0.9   35   40   0.990916   0.00128571   0.00128571
-1   -0.9   40   45   0.98678   0.00145532   0.00145532
-1   -0.9   45   70   0.986869   0.000925999   0.000925999
-1   -0.9   70   100   0.993281   0.00468601   0.00468601
-1   -0.9   100   500   0.988584   0.00813434   0.00813434
-0.9   -0.8   -34.5455   10   0   0   0
-0.9   -0.8   10   19   3   5.68685   5.68685
-0.9   -0.8   19   23   3.14759   0.2761   0.2761
-0.9   -0.8   23   25   1.40115   0.0174683   0.0174683
-0.9   -0.8   25   27   1.01161   0.0065494   0.0065494
-0.9   -0.8   27   30   1   0.0056212   0.0056212
-0.9   -0.8   30   35   0.998534   0.00174252   0.00174252
-0.9   -0.8   35   40   0.988975   0.00155601   0.00155601
-0.9   -0.8   40   45   0.986073   0.00116409   0.00116409
-0.9   -0.8   45   70   0.987215   0.000945169   0.000945169
-0.9   -0.8   70   100   0.988924   0.00416208   0.00416208
-0.9   -0.8   100   500   0.984994   0.00671148   0.00671148
-0.8   -0.7   -34.5455   10   0   0   0
-0.8   -0.7   10   19   2.33333   3.16825   3.16825
-0.8   -0.7   19   23   2.30496   0.152128   0.152128
-0.8   -0.7   23   25   1.22559   0.0213279   0.0213279
-0.8   -0.7   25   27   1.00929   0.00978835   0.00978835
-0.8   -0.7   27   30   1.00279   0.00304385   0.00304385
-0.8   -0.7   30   35   1.00263   0.00165269   0.00165269
-0.8   -0.7   35   40   0.996067   0.00112819   0.00112819
-0.8   -0.7   40   45   0.994545   0.000929987   0.000929987
-0.8   -0.7   45   70   0.993857   0.000924755   0.000924755
-0.8   -0.7   70   100   0.990254   0.00573261   0.00573261
-0.8   -0.7   100   500   0.982499   0.00530823   0.00530823
-0.7   -0.6   -34.5455   10   0   0   0
-0.7   -0.6   10   19   11   16.4621   16.4621
-0.7   -0.6   19   23   2.3984   0.170033   0.170033
-0.7   -0.6   23   25   1.22575   0.012722   0.012722
-0.7   -0.6   25   27   1.00658   0.00469279   0.00469279
-0.7   -0.6   27   30   1.00245   0.00515339   0.00515339
-0.7   -0.6   30   35   0.998528   0.00191649   0.00191649
-0.7   -0.6   35   40   0.994817   0.00163209   0.00163209
-0.7   -0.6   40   45   0.992377   0.00103139   0.00103139
-0.7   -0.6   45   70   0.990989   0.000967256   0.000967256
-0.7   -0.6   70   100   0.995623   0.00474287   0.00474287
-0.7   -0.6   100   500   0.989284   0.0052022   0.0052022
-0.6   -0.5   -34.5455   10   0   0   0
-0.6   -0.5   10   19   0   0   0
-0.6   -0.5   19   23   2.12968   0.3791   0.3791
-0.6   -0.5   23   25   1.20695   0.0373892   0.0373892
-0.6   -0.5   25   27   1.0138   0.00464651   0.00464651
-0.6   -0.5   27   30   1.00032   0.00311409   0.00311409
-0.6   -0.5   30   35   1.00168   0.00196333   0.00196333
-0.6   -0.5   35   40   0.99606   0.00122453   0.00122453
-0.6   -0.5   40   45   0.992479   0.00164754   0.00164754
-0.6   -0.5   45   70   0.993952   0.00114144   0.00114144
-0.6   -0.5   70   100   0.998472   0.00423403   0.00423403
-0.6   -0.5   100   500   0.994711   0.00493616   0.00493616
-0.5   -0.4   -34.5455   10   0   0   0
-0.5   -0.4   10   19   0.666667   1.33449   1.33449
-0.5   -0.4   19   23   2.2395   0.226421   0.226421
-0.5   -0.4   23   25   1.1841   0.0220815   0.0220815
-0.5   -0.4   25   27   1.00281   0.00694826   0.00694826
-0.5   -0.4   27   30   0.992091   0.00481425   0.00481425
-0.5   -0.4   30   35   0.990495   0.0018154   0.0018154
-0.5   -0.4   35   40   0.992632   0.00130451   0.00130451
-0.5   -0.4   40   45   0.988763   0.00103246   0.00103246
-0.5   -0.4   45   70   0.991585   0.00187934   0.00187934
-0.5   -0.4   70   100   0.992365   0.00491181   0.00491181
-0.5   -0.4   100   500   0.997755   0.00449729   0.00449729
-0.4   -0.3   -34.5455   10   0   0   0
-0.4   -0.3   10   19   2.5   3.32603   3.32603
-0.4   -0.3   19   23   2.14675   0.142691   0.142691
-0.4   -0.3   23   25   1.22784   0.0275694   0.0275694
-0.4   -0.3   25   27   0.982701   0.0058241   0.0058241
-0.4   -0.3   27   30   0.986855   0.00484847   0.00484847
-0.4   -0.3   30   35   0.981285   0.00180557   0.00180557
-0.4   -0.3   35   40   0.986335   0.00118775   0.00118775
-0.4   -0.3   40   45   0.984677   0.00096138   0.00096138
-0.4   -0.3   45   70   0.987285   0.0013462   0.0013462
-0.4   -0.3   70   100   0.989809   0.00439931   0.00439931
-0.4   -0.3   100   500   0.992985   0.00461996   0.00461996
-0.3   -0.2   -34.5455   10   0   0   0
-0.3   -0.2   10   19   0.285714   0.492977   0.492977
-0.3   -0.2   19   23   2.30617   0.135757   0.135757
-0.3   -0.2   23   25   1.24952   0.0202463   0.0202463
-0.3   -0.2   25   27   0.991235   0.00596339   0.00596339
-0.3   -0.2   27   30   0.988685   0.00576407   0.00576407
-0.3   -0.2   30   35   0.987009   0.00197859   0.00197859
-0.3   -0.2   35   40   0.988228   0.00110799   0.00110799
-0.3   -0.2   40   45   0.986758   0.00092496   0.00092496
-0.3   -0.2   45   70   0.988749   0.00137894   0.00137894
-0.3   -0.2   70   100   0.989941   0.00518998   0.00518998
-0.3   -0.2   100   500   0.994611   0.00728829   0.00728829
-0.2   -0.1   -34.5455   10   0   0   0
-0.2   -0.1   10   19   2.5   2.07382   2.07382
-0.2   -0.1   19   23   2.38012   0.357869   0.357869
-0.2   -0.1   23   25   1.25138   0.019522   0.019522
-0.2   -0.1   25   27   1.00077   0.00588053   0.00588053
-0.2   -0.1   27   30   0.994311   0.00593554   0.00593554
-0.2   -0.1   30   35   0.987496   0.00373792   0.00373792
-0.2   -0.1   35   40   0.990177   0.00112941   0.00112941
-0.2   -0.1   40   45   0.986528   0.00110552   0.00110552
-0.2   -0.1   45   70   0.988014   0.00101512   0.00101512
-0.2   -0.1   70   100   0.994501   0.00520825   0.00520825
-0.2   -0.1   100   500   0.991858   0.00717985   0.00717985
-0.1   0   -34.5455   10   0   0   0
-0.1   0   10   19   0   0   0
-0.1   0   19   23   2.26203   0.197585   0.197585
-0.1   0   23   25   1.1639   0.015996   0.015996
-0.1   0   25   27   0.973954   0.00569287   0.00569287
-0.1   0   27   30   0.970607   0.00386108   0.00386108
-0.1   0   30   35   0.971216   0.00330349   0.00330349
-0.1   0   35   40   0.978102   0.00147759   0.00147759
-0.1   0   40   45   0.974433   0.00189594   0.00189594
-0.1   0   45   70   0.979186   0.000941141   0.000941141
-0.1   0   70   100   0.983935   0.00453147   0.00453147
-0.1   0   100   500   0.988742   0.00516081   0.00516081
0   0.1   -34.5455   10   0   0   0
0   0.1   10   19   0.833333   1.10275   1.10275
0   0.1   19   23   3.56654   0.508763   0.508763
0   0.1   23   25   1.28034   0.0178647   0.0178647
0   0.1   25   27   0.9662   0.0149182   0.0149182
0   0.1   27   30   0.963832   0.0083123   0.0083123
0   0.1   30   35   0.970457   0.00284876   0.00284876
0   0.1   35   40   0.978014   0.00132338   0.00132338
0   0.1   40   45   0.976417   0.00110138   0.00110138
0   0.1   45   70   0.980833   0.00121574   0.00121574
0   0.1   70   100   0.983425   0.0053494   0.0053494
0   0.1   100   500   0.988106   0.00785656   0.00785656
0.1   0.2   -34.5455   10   0   0   0
0.1   0.2   10   19   2.5   3.58333   3.58333
0.1   0.2   19   23   4.17347   0.448959   0.448959
0.1   0.2   23   25   1.32715   0.013855   0.013855
0.1   0.2   25   27   0.971969   0.00692299   0.00692299
0.1   0.2   27   30   0.966596   0.00480995   0.00480995
0.1   0.2   30   35   0.974947   0.0031308   0.0031308
0.1   0.2   35   40   0.97586   0.00206708   0.00206708
0.1   0.2   40   45   0.974164   0.00109133   0.00109133
0.1   0.2   45   70   0.977231   0.00135953   0.00135953
0.1   0.2   70   100   0.980838   0.00437932   0.00437932
0.1   0.2   100   500   0.984216   0.00580176   0.00580176
0.2   0.3   -34.5455   10   0   0   0
0.2   0.3   10   19   2   3   3
0.2   0.3   19   23   4.03947   0.578315   0.578315
0.2   0.3   23   25   1.35292   0.0299792   0.0299792
0.2   0.3   25   27   0.976281   0.00552566   0.00552566
0.2   0.3   27   30   0.967883   0.00509288   0.00509288
0.2   0.3   30   35   0.973399   0.00208181   0.00208181
0.2   0.3   35   40   0.972464   0.00120746   0.00120746
0.2   0.3   40   45   0.971722   0.00101821   0.00101821
0.2   0.3   45   70   0.971818   0.00128873   0.00128873
0.2   0.3   70   100   0.977588   0.00463888   0.00463888
0.2   0.3   100   500   0.971718   0.00551277   0.00551277
0.3   0.4   -34.5455   10   0   0   0
0.3   0.4   10   19   1   1.16667   1.16667
0.3   0.4   19   23   3.54135   0.297355   0.297355
0.3   0.4   23   25   1.33224   0.025191   0.025191
0.3   0.4   25   27   0.970183   0.00633705   0.00633705
0.3   0.4   27   30   0.965059   0.00526652   0.00526652
0.3   0.4   30   35   0.963577   0.00190348   0.00190348
0.3   0.4   35   40   0.969213   0.00174363   0.00174363
0.3   0.4   40   45   0.962528   0.00157442   0.00157442
0.3   0.4   45   70   0.966961   0.00185589   0.00185589
0.3   0.4   70   100   0.969386   0.00416803   0.00416803
0.3   0.4   100   500   0.97325   0.00616531   0.00616531
0.4   0.5   -34.5455   10   0   0   0
0.4   0.5   10   19   1   1.40159   1.40159
0.4   0.5   19   23   3.30794   0.220588   0.220588
0.4   0.5   23   25   1.36707   0.0166978   0.0166978
0.4   0.5   25   27   0.978609   0.00515328   0.00515328
0.4   0.5   27   30   0.973363   0.00760241   0.00760241
0.4   0.5   30   35   0.975433   0.00253662   0.00253662
0.4   0.5   35   40   0.975501   0.00160873   0.00160873
0.4   0.5   40   45   0.970452   0.00215603   0.00215603
0.4   0.5   45   70   0.97294   0.00141282   0.00141282
0.4   0.5   70   100   0.97483   0.00408359   0.00408359
0.4   0.5   100   500   0.973842   0.0057199   0.0057199
0.5   0.6   -34.5455   10   0   0   0
0.5   0.6   10   19   1   1.53659   1.53659
0.5   0.6   19   23   3.36538   0.364605   0.364605
0.5   0.6   23   25   1.40293   0.0278033   0.0278033
0.5   0.6   25   27   1.00473   0.00590727   0.00590727
0.5   0.6   27   30   0.989002   0.00420202   0.00420202
0.5   0.6   30   35   0.991019   0.00178543   0.00178543
0.5   0.6   35   40   0.983826   0.00156592   0.00156592
0.5   0.6   40   45   0.980852   0.000923798   0.000923798
0.5   0.6   45   70   0.980348   0.00106292   0.00106292
0.5   0.6   70   100   0.981283   0.00338218   0.00338218
0.5   0.6   100   500   0.982417   0.00442617   0.00442617
0.6   0.7   -34.5455   10   0   0   0
0.6   0.7   10   19   2   3.77492   3.77492
0.6   0.7   19   23   4.69565   1.7074   1.7074
0.6   0.7   23   25   1.4258   0.0185545   0.0185545
0.6   0.7   25   27   1.00172   0.00838928   0.00838928
0.6   0.7   27   30   0.991929   0.0032129   0.0032129
0.6   0.7   30   35   0.997697   0.00168702   0.00168702
0.6   0.7   35   40   0.989779   0.00147551   0.00147551
0.6   0.7   40   45   0.987581   0.000861991   0.000861991
0.6   0.7   45   70   0.985413   0.000864758   0.000864758
0.6   0.7   70   100   0.980571   0.0035022   0.0035022
0.6   0.7   100   500   0.981084   0.00606084   0.00606084
0.7   0.8   -34.5455   10   0   0   0
0.7   0.8   10   19   1.16667   1.40875   1.40875
0.7   0.8   19   23   4.30263   0.891901   0.891901
0.7   0.8   23   25   1.40158   0.0170372   0.0170372
0.7   0.8   25   27   1.00568   0.00513594   0.00513594
0.7   0.8   27   30   0.988086   0.00573574   0.00573574
0.7   0.8   30   35   0.993788   0.00273749   0.00273749
0.7   0.8   35   40   0.979554   0.0024195   0.0024195
0.7   0.8   40   45   0.980378   0.0013756   0.0013756
0.7   0.8   45   70   0.978339   0.00124813   0.00124813
0.7   0.8   70   100   0.977296   0.00462615   0.00462615
0.7   0.8   100   500   0.977859   0.00523402   0.00523402
0.8   0.9   -34.5455   10   0   0   0
0.8   0.9   10   19   2   3.43188   3.43188
0.8   0.9   19   23   4.80402   0.407773   0.407773
0.8   0.9   23   25   1.54121   0.0321736   0.0321736
0.8   0.9   25   27   1.01427   0.0062354   0.0062354
0.8   0.9   27   30   0.992876   0.00531897   0.00531897
0.8   0.9   30   35   0.993719   0.00172448   0.00172448
0.8   0.9   35   40   0.987226   0.00181984   0.00181984
0.8   0.9   40   45   0.982415   0.00162582   0.00162582
0.8   0.9   45   70   0.98284   0.00103736   0.00103736
0.8   0.9   70   100   0.979817   0.00340025   0.00340025
0.8   0.9   100   500   0.983205   0.00491279   0.00491279
0.9   1   -34.5455   10   0   0   0
0.9   1   10   19   3   2.43812   2.43812
0.9   1   19   23   6.06081   1.29858   1.29858
0.9   1   23   25   1.61416   0.0305121   0.0305121
0.9   1   25   27   1.01773   0.00573475   0.00573475
0.9   1   27   30   0.995647   0.00380902   0.00380902
0.9   1   30   35   0.991548   0.00166504   0.00166504
0.9   1   35   40   0.990203   0.00143536   0.00143536
0.9   1   40   45   0.985884   0.00128388   0.00128388
0.9   1   45   70   0.986184   0.00139027   0.00139027
0.9   1   70   100   0.983453   0.00429175   0.00429175
0.9   1   100   500   0.988477   0.00518901   0.00518901
1   1.1   -34.5455   10   0   0   0
1   1.1   10   19   1   2.36854   2.36854
1   1.1   19   23   5.02717   0.569038   0.569038
1   1.1   23   25   1.5777   0.0409554   0.0409554
1   1.1   25   27   1.01481   0.00986282   0.00986282
1   1.1   27   30   0.998293   0.00335103   0.00335103
1   1.1   30   35   0.994238   0.00259884   0.00259884
1   1.1   35   40   0.991005   0.00118091   0.00118091
1   1.1   40   45   0.987099   0.00101431   0.00101431
1   1.1   45   70   0.987391   0.00157538   0.00157538
1   1.1   70   100   0.987037   0.00566862   0.00566862
1   1.1   100   500   0.988697   0.00490714   0.00490714
1.1   1.2   -34.5455   10   0   0   0
1.1   1.2   10   19   4   5.86628   5.86628
1.1   1.2   19   23   4.36087   0.774286   0.774286
1.1   1.2   23   25   1.72614   0.0458607   0.0458607
1.1   1.2   25   27   1.0475   0.00680256   0.00680256
1.1   1.2   27   30   0.995939   0.00384834   0.00384834
1.1   1.2   30   35   0.995166   0.00226152   0.00226152
1.1   1.2   35   40   0.992937   0.00146344   0.00146344
1.1   1.2   40   45   0.98971   0.000983811   0.000983811
1.1   1.2   45   70   0.991174   0.00153231   0.00153231
1.1   1.2   70   100   0.99077   0.00369704   0.00369704
1.1   1.2   100   500   0.990903   0.00539388   0.00539388
1.2   1.3   -34.5455   10   0   0   0
1.2   1.3   10   19   1.33333   1.87351   1.87351
1.2   1.3   19   23   7.75676   1.71832   1.71832
1.2   1.3   23   25   2.31974   0.122176   0.122176
1.2   1.3   25   27   1.09644   0.0103601   0.0103601
1.2   1.3   27   30   1.01102   0.0041241   0.0041241
1.2   1.3   30   35   1.00602   0.00189961   0.00189961
1.2   1.3   35   40   1.00291   0.0014324   0.0014324
1.2   1.3   40   45   0.998041   0.00103003   0.00103003
1.2   1.3   45   70   0.997329   0.00193932   0.00193932
1.2   1.3   70   100   0.999696   0.00313856   0.00313856
1.2   1.3   100   500   0.996974   0.00570228   0.00570228
1.3   1.4   -34.5455   10   0   0   0
1.3   1.4   10   19   1.25   1.20649   1.20649
1.3   1.4   19   23   7.6   1.36312   1.36312
1.3   1.4   23   25   2.48389   0.0945098   0.0945098
1.3   1.4   25   27   1.11   0.00892367   0.00892367
1.3   1.4   27   30   1.01026   0.00581026   0.00581026
1.3   1.4   30   35   1.00126   0.00210105   0.00210105
1.3   1.4   35   40   0.99969   0.00112578   0.00112578
1.3   1.4   40   45   0.996925   0.000938168   0.000938168
1.3   1.4   45   70   0.997446   0.000907338   0.000907338
1.3   1.4   70   100   0.999187   0.00359203   0.00359203
1.3   1.4   100   500   0.992941   0.00466945   0.00466945
1.4   1.5   -34.5455   10   0   0   0
1.4   1.5   10   19   1.33333   2.2529   2.2529
1.4   1.5   19   23   3.50968   0.330501   0.330501
1.4   1.5   23   25   2.23242   0.0885744   0.0885744
1.4   1.5   25   27   1.13353   0.0217971   0.0217971
1.4   1.5   27   30   1.0103   0.00602029   0.00602029
1.4   1.5   30   35   1.00083   0.00472084   0.00472084
1.4   1.5   35   40   0.987485   0.00205588   0.00205588
1.4   1.5   40   45   0.997529   0.00120881   0.00120881
1.4   1.5   45   70   0.995195   0.00140991   0.00140991
1.4   1.5   70   100   0.969927   0.00679761   0.00679761
1.4   1.5   100   500   0.939809   0.0100026   0.0100026
1.5   1.6   -34.5455   10   0   0   0
1.5   1.6   10   19   0.936585   0.186957   0.186957
1.5   1.6   19   23   0.920517   0.121012   0.121012
1.5   1.6   23   25   1.08514   0.0307507   0.0307507
1.5   1.6   25   27   1.00035   0.0178661   0.0178661
1.5   1.6   27   30   0.990326   0.00568236   0.00568236
1.5   1.6   30   35   0.99979   0.00316217   0.00316217
1.5   1.6   35   40   1.00624   0.00248191   0.00248191
1.5   1.6   40   45   1.00287   0.00116066   0.00116066
1.5   1.6   45   70   0.999186   0.00137688   0.00137688
1.5   1.6   70   100   1.00122   0.00417004   0.00417004
1.5   1.6   100   500   0.995382   0.00484743   0.00484743
1.6   1.7   -34.5455   10   0   0   0
1.6   1.7   10   19   1.1   2.6379   2.6379
1.6   1.7   19   23   1.32174   0.179499   0.179499
1.6   1.7   23   25   1.1859   0.0297432   0.0297432
1.6   1.7   25   27   0.994316   0.00659579   0.00659579
1.6   1.7   27   30   0.992269   0.00306831   0.00306831
1.6   1.7   30   35   1.00083   0.00206229   0.00206229
1.6   1.7   35   40   1.00595   0.00113192   0.00113192
1.6   1.7   40   45   1.00234   0.00089803   0.00089803
1.6   1.7   45   70   0.998989   0.000826961   0.000826961
1.6   1.7   70   100   0.999699   0.00348022   0.00348022
1.6   1.7   100   500   1.0007   0.00268403   0.00268403
1.7   1.8   -34.5455   10   0   0   0
1.7   1.8   10   19   1   2.40832   2.40832
1.7   1.8   19   23   2.06584   0.274726   0.274726
1.7   1.8   23   25   1.53328   0.0513563   0.0513563
1.7   1.8   25   27   1.04541   0.020136   0.020136
1.7   1.8   27   30   0.99875   0.00367203   0.00367203
1.7   1.8   30   35   1.00246   0.00396371   0.00396371
1.7   1.8   35   40   1.00633   0.00130462   0.00130462
1.7   1.8   40   45   1.00304   0.000687375   0.000687375
1.7   1.8   45   70   1.00061   0.000721537   0.000721537
1.7   1.8   70   100   1.00101   0.00349828   0.00349828
1.7   1.8   100   500   1.0008   0.00528535   0.00528535
1.8   1.9   -34.5455   10   0   0   0
1.8   1.9   10   19   0.7   0.495188   0.495188
1.8   1.9   19   23   0.79892   0.115774   0.115774
1.8   1.9   23   25   1.1573   0.0300358   0.0300358
1.8   1.9   25   27   1.01614   0.0100711   0.0100711
1.8   1.9   27   30   0.986303   0.00490307   0.00490307
1.8   1.9   30   35   0.993243   0.00179392   0.00179392
1.8   1.9   35   40   0.995112   0.00242103   0.00242103
1.8   1.9   40   45   0.993127   0.00087984   0.00087984
1.8   1.9   45   70   0.993638   0.000819326   0.000819326
1.8   1.9   70   100   0.99256   0.0042314   0.0042314
1.8   1.9   100   500   0.995589   0.00449146   0.00449146
1.9   2   -34.5455   10   0   0   0
1.9   2   10   19   0   0   0
1.9   2   19   23   0.405923   0.0324752   0.0324752
1.9   2   23   25   1.00783   0.0422441   0.0422441
1.9   2   25   27   1.04313   0.0135799   0.0135799
1.9   2   27   30   0.996235   0.00319115   0.00319115
1.9   2   30   35   0.997744   0.00214084   0.00214084
1.9   2   35   40   0.995937   0.00139431   0.00139431
1.9   2   40   45   0.999594   0.0010153   0.0010153
1.9   2   45   70   0.99757   0.000796321   0.000796321
1.9   2   70   100   0.998086   0.00598977   0.00598977
1.9   2   100   500   1.00533   0.00243652   0.00243652
2   2.1   -34.5455   10   0   0   0
2   2.1   10   19   0   0   0
2   2.1   19   23   0.175351   0.015891   0.015891
2   2.1   23   25   0.745865   0.0283653   0.0283653
2   2.1   25   27   0.98007   0.0141396   0.0141396
2   2.1   27   30   0.999376   0.00286452   0.00286452
2   2.1   30   35   1.00236   0.00154829   0.00154829
2   2.1   35   40   1.00398   0.00121764   0.00121764
2   2.1   40   45   1.00437   0.00107891   0.00107891
2   2.1   45   70   1.00223   0.00151667   0.00151667
2   2.1   70   100   1.0015   0.00316624   0.00316624
2   2.1   100   500   0.995597   0.00587734   0.00587734
2.1   2.2   -34.5455   10   0   0   0
2.1   2.2   10   19   0.0645161   0.0993976   0.0993976
2.1   2.2   19   23   0.108289   0.0108321   0.0108321
2.1   2.2   23   25   0.558437   0.0160556   0.0160556
2.1   2.2   25   27   0.905644   0.00919361   0.00919361
2.1   2.2   27   30   0.965485   0.0083513   0.0083513
2.1   2.2   30   35   0.984698   0.00292147   0.00292147
2.1   2.2   35   40   0.997235   0.00141029   0.00141029
2.1   2.2   40   45   0.997454   0.0012295   0.0012295
2.1   2.2   45   70   0.997864   0.00126003   0.00126003
2.1   2.2   70   100   0.992672   0.00466993   0.00466993
2.1   2.2   100   500   0.998694   0.00443856   0.00443856
2.2   2.3   -34.5455   10   0   0   0
2.2   2.3   10   19   0   0   0
2.2   2.3   19   23   0.081221   0.00960616   0.00960616
2.2   2.3   23   25   0.454166   0.0125049   0.0125049
2.2   2.3   25   27   0.851241   0.010802   0.010802
2.2   2.3   27   30   0.939673   0.00516399   0.00516399
2.2   2.3   30   35   0.970389   0.00257794   0.00257794
2.2   2.3   35   40   0.988218   0.00238069   0.00238069
2.2   2.3   40   45   0.991433   0.00150363   0.00150363
2.2   2.3   45   70   0.990475   0.00143458   0.00143458
2.2   2.3   70   100   0.990271   0.00657233   0.00657233
2.2   2.3   100   500   0.994676   0.00860781   0.00860781
2.3   2.4   -34.5455   10   0   0   0
2.3   2.4   10   19   0.115385   0.129729   0.129729
2.3   2.4   19   23   0.0603123   0.00836734   0.00836734
2.3   2.4   23   25   0.354584   0.0147991   0.0147991
2.3   2.4   25   27   0.725771   0.0150497   0.0150497
2.3   2.4   27   30   0.897114   0.00568774   0.00568774
2.3   2.4   30   35   0.957967   0.00650633   0.00650633
2.3   2.4   35   40   0.983046   0.00262789   0.00262789
2.3   2.4   40   45   0.993573   0.00269467   0.00269467
2.3   2.4   45   70   0.993523   0.00279703   0.00279703
2.3   2.4   70   100   0.975767   0.00834649   0.00834649
2.3   2.4   100   500   0.989854   0.00891353   0.00891353
2.4   2.5   -34.5455   10   0   0   0
2.4   2.5   10   19   0.416667   0.454649   0.454649
2.4   2.5   19   23   0.0695825   0.0133325   0.0133325
2.4   2.5   23   25   0.303852   0.0167537   0.0167537
2.4   2.5   25   27   0.663096   0.0174632   0.0174632
2.4   2.5   27   30   0.858249   0.0120304   0.0120304
2.4   2.5   30   35   0.88335   0.00590336   0.00590336
2.4   2.5   35   40   0.894603   0.00533345   0.00533345
2.4   2.5   40   45   0.890712   0.00405206   0.00405206
2.4   2.5   45   70   0.921391   0.00526658   0.00526658
2.4   2.5   70   100   0.983848   0.0167057   0.0167057
2.4   2.5   100   500   0.97267   0.019609   0.019609
