-2.6   -2.5   -30.8333   10   0   0   0
-2.6   -2.5   10   12   0   0   0
-2.6   -2.5   12   15   0   0   0
-2.6   -2.5   15   18   0   0   0
-2.6   -2.5   18   20   0   0   0
-2.6   -2.5   20   25   0   0   0
-2.6   -2.5   25   30   0   0   0
-2.6   -2.5   30   35   0   0   0
-2.6   -2.5   35   40   0   0   0
-2.6   -2.5   40   45   0   0   0
-2.6   -2.5   45   70   0   0   0
-2.6   -2.5   70   100   0   0   0
-2.6   -2.5   100   500   0   0   0
-2.5   -2.4   -30.8333   10   0   0   0
-2.5   -2.4   10   12   0.214048   0.0651811   0.0651811
-2.5   -2.4   12   15   0.821517   0.0870009   0.0870009
-2.5   -2.4   15   18   0.861192   0.0352293   0.0352293
-2.5   -2.4   18   20   0.828714   0.0248891   0.0248891
-2.5   -2.4   20   25   0.833355   0.0131727   0.0131727
-2.5   -2.4   25   30   0.887289   0.00961202   0.00961202
-2.5   -2.4   30   35   0.913205   0.00728886   0.00728886
-2.5   -2.4   35   40   0.943569   0.00391014   0.00391014
-2.5   -2.4   40   45   0.962706   0.00353511   0.00353511
-2.5   -2.4   45   70   0.975646   0.00261222   0.00261222
-2.5   -2.4   70   100   1.01331   0.0239898   0.0239898
-2.5   -2.4   100   500   0.982677   0.0147527   0.0147527
-2.4   -2.3   -30.8333   10   0   0   0
-2.4   -2.3   10   12   0.084507   0.0307799   0.0307799
-2.4   -2.3   12   15   0.534405   0.0227019   0.0227019
-2.4   -2.3   15   18   0.75   0.0182969   0.0182969
-2.4   -2.3   18   20   0.802409   0.0201845   0.0201845
-2.4   -2.3   20   25   0.844087   0.00628654   0.00628654
-2.4   -2.3   25   30   0.889347   0.00646825   0.00646825
-2.4   -2.3   30   35   0.942287   0.00464744   0.00464744
-2.4   -2.3   35   40   0.975231   0.00211471   0.00211471
-2.4   -2.3   40   45   0.987414   0.00233028   0.00233028
-2.4   -2.3   45   70   0.98475   0.00152803   0.00152803
-2.4   -2.3   70   100   0.995794   0.00630379   0.00630379
-2.4   -2.3   100   500   0.994174   0.0102474   0.0102474
-2.3   -2.2   -30.8333   10   0   0   0
-2.3   -2.2   10   12   0.167173   0.0475174   0.0475174
-2.3   -2.2   12   15   0.664734   0.0231883   0.0231883
-2.3   -2.2   15   18   0.813257   0.0140533   0.0140533
-2.3   -2.2   18   20   0.859623   0.0134813   0.0134813
-2.3   -2.2   20   25   0.889733   0.00586908   0.00586908
-2.3   -2.2   25   30   0.920004   0.00347376   0.00347376
-2.3   -2.2   30   35   0.965915   0.00367546   0.00367546
-2.3   -2.2   35   40   0.972506   0.00174945   0.00174945
-2.3   -2.2   40   45   0.974314   0.00229641   0.00229641
-2.3   -2.2   45   70   0.976854   0.00292337   0.00292337
-2.3   -2.2   70   100   0.984427   0.00450237   0.00450237
-2.3   -2.2   100   500   0.995949   0.00798559   0.00798559
-2.2   -2.1   -30.8333   10   0   0   0
-2.2   -2.1   10   12   0.10219   0.0409077   0.0409077
-2.2   -2.1   12   15   0.635007   0.0269899   0.0269899
-2.2   -2.1   15   18   0.842624   0.0111258   0.0111258
-2.2   -2.1   18   20   0.885363   0.00915152   0.00915152
-2.2   -2.1   20   25   0.932232   0.00400695   0.00400695
-2.2   -2.1   25   30   0.957327   0.00403595   0.00403595
-2.2   -2.1   30   35   0.971148   0.00617982   0.00617982
-2.2   -2.1   35   40   0.980918   0.00184678   0.00184678
-2.2   -2.1   40   45   0.978241   0.00136892   0.00136892
-2.2   -2.1   45   70   0.986294   0.00218088   0.00218088
-2.2   -2.1   70   100   0.990808   0.003932   0.003932
-2.2   -2.1   100   500   0.986471   0.00577143   0.00577143
-2.1   -2   -30.8333   10   0   0   0
-2.1   -2   10   12   0.168013   0.0460436   0.0460436
-2.1   -2   12   15   0.717276   0.0293576   0.0293576
-2.1   -2   15   18   0.880142   0.0148346   0.0148346
-2.1   -2   18   20   0.923242   0.0188909   0.0188909
-2.1   -2   20   25   0.956321   0.00450705   0.00450705
-2.1   -2   25   30   0.973818   0.00569161   0.00569161
-2.1   -2   30   35   0.977952   0.00155638   0.00155638
-2.1   -2   35   40   0.984983   0.00114731   0.00114731
-2.1   -2   40   45   0.982988   0.000941443   0.000941443
-2.1   -2   45   70   0.985419   0.00156965   0.00156965
-2.1   -2   70   100   0.988354   0.00556469   0.00556469
-2.1   -2   100   500   0.987047   0.0090354   0.0090354
-2   -1.9   -30.8333   10   0   0   0
-2   -1.9   10   12   0.215909   0.0626733   0.0626733
-2   -1.9   12   15   0.71229   0.0595391   0.0595391
-2   -1.9   15   18   0.854833   0.00957577   0.00957577
-2   -1.9   18   20   0.909354   0.00780766   0.00780766
-2   -1.9   20   25   0.949597   0.00386444   0.00386444
-2   -1.9   25   30   0.973122   0.002156   0.002156
-2   -1.9   30   35   0.97576   0.0017647   0.0017647
-2   -1.9   35   40   0.981373   0.000986831   0.000986831
-2   -1.9   40   45   0.982422   0.000863854   0.000863854
-2   -1.9   45   70   0.983702   0.00187747   0.00187747
-2   -1.9   70   100   0.988551   0.00578713   0.00578713
-2   -1.9   100   500   0.993222   0.0090649   0.0090649
-1.9   -1.8   -30.8333   10   0   0   0
-1.9   -1.8   10   12   0.180488   0.0548982   0.0548982
-1.9   -1.8   12   15   0.634755   0.0203017   0.0203017
-1.9   -1.8   15   18   0.845339   0.0123618   0.0123618
-1.9   -1.8   18   20   0.913736   0.022307   0.022307
-1.9   -1.8   20   25   0.965388   0.00367227   0.00367227
-1.9   -1.8   25   30   0.988734   0.00175559   0.00175559
-1.9   -1.8   30   35   0.993618   0.00171359   0.00171359
-1.9   -1.8   35   40   0.990083   0.00270391   0.00270391
-1.9   -1.8   40   45   0.99357   0.00124332   0.00124332
-1.9   -1.8   45   70   0.998672   0.000940548   0.000940548
-1.9   -1.8   70   100   0.994121   0.00321434   0.00321434
-1.9   -1.8   100   500   0.993945   0.00450499   0.00450499
-1.8   -1.7   -30.8333   10   0   0   0
-1.8   -1.7   10   12   0.272118   0.0875221   0.0875221
-1.8   -1.7   12   15   0.639584   0.0331229   0.0331229
-1.8   -1.7   15   18   0.844783   0.0108194   0.0108194
-1.8   -1.7   18   20   0.910369   0.0115287   0.0115287
-1.8   -1.7   20   25   0.956604   0.00508793   0.00508793
-1.8   -1.7   25   30   0.982354   0.00196668   0.00196668
-1.8   -1.7   30   35   0.983817   0.00169828   0.00169828
-1.8   -1.7   35   40   0.981613   0.00110226   0.00110226
-1.8   -1.7   40   45   0.989123   0.001015   0.001015
-1.8   -1.7   45   70   0.993223   0.000724875   0.000724875
-1.8   -1.7   70   100   0.994292   0.00533972   0.00533972
-1.8   -1.7   100   500   0.994196   0.00452825   0.00452825
-1.7   -1.6   -30.8333   10   0   0   0
-1.7   -1.6   10   12   0.471022   0.0952292   0.0952292
-1.7   -1.6   12   15   0.704831   0.0224037   0.0224037
-1.7   -1.6   15   18   0.852216   0.0125663   0.0125663
-1.7   -1.6   18   20   0.925742   0.0101333   0.0101333
-1.7   -1.6   20   25   0.952967   0.00319758   0.00319758
-1.7   -1.6   25   30   0.976195   0.00379207   0.00379207
-1.7   -1.6   30   35   0.980559   0.00366737   0.00366737
-1.7   -1.6   35   40   0.977341   0.00135737   0.00135737
-1.7   -1.6   40   45   0.981816   0.000907221   0.000907221
-1.7   -1.6   45   70   0.985467   0.00091323   0.00091323
-1.7   -1.6   70   100   0.986199   0.00653694   0.00653694
-1.7   -1.6   100   500   0.983046   0.00548092   0.00548092
-1.6   -1.5   -30.8333   10   0   0   0
-1.6   -1.5   10   12   0.596815   0.12795   0.12795
-1.6   -1.5   12   15   0.773856   0.02867   0.02867
-1.6   -1.5   15   18   0.909871   0.0133278   0.0133278
-1.6   -1.5   18   20   0.966216   0.0111963   0.0111963
-1.6   -1.5   20   25   0.972586   0.00807588   0.00807588
-1.6   -1.5   25   30   0.990866   0.00288534   0.00288534
-1.6   -1.5   30   35   0.991733   0.00379339   0.00379339
-1.6   -1.5   35   40   0.987901   0.00316475   0.00316475
-1.6   -1.5   40   45   0.991455   0.00170013   0.00170013
-1.6   -1.5   45   70   0.990024   0.00215853   0.00215853
-1.6   -1.5   70   100   0.991447   0.00521409   0.00521409
-1.6   -1.5   100   500   0.976713   0.00830889   0.00830889
-1.5   -1.4   -30.8333   10   0   0   0
-1.5   -1.4   10   12   0.48606   0.0860089   0.0860089
-1.5   -1.4   12   15   0.783395   0.0358226   0.0358226
-1.5   -1.4   15   18   0.921853   0.0184923   0.0184923
-1.5   -1.4   18   20   0.957115   0.0170361   0.0170361
-1.5   -1.4   20   25   0.987859   0.00459727   0.00459727
-1.5   -1.4   25   30   0.976779   0.00263245   0.00263245
-1.5   -1.4   30   35   0.984417   0.0024678   0.0024678
-1.5   -1.4   35   40   0.995874   0.00144089   0.00144089
-1.5   -1.4   40   45   0.986935   0.00271414   0.00271414
-1.5   -1.4   45   70   0.98836   0.00146137   0.00146137
-1.5   -1.4   70   100   1.00022   0.0070966   0.0070966
-1.5   -1.4   100   500   0.992528   0.0138077   0.0138077
-1.4   -1.3   -30.8333   10   0   0   0
-1.4   -1.3   10   12   0.235453   0.0899347   0.0899347
-1.4   -1.3   12   15   0.73987   0.0407179   0.0407179
-1.4   -1.3   15   18   0.917603   0.0105758   0.0105758
-1.4   -1.3   18   20   0.961547   0.00827291   0.00827291
-1.4   -1.3   20   25   0.986088   0.00488525   0.00488525
-1.4   -1.3   25   30   0.991406   0.00296971   0.00296971
-1.4   -1.3   30   35   0.991083   0.00406018   0.00406018
-1.4   -1.3   35   40   0.99202   0.00130747   0.00130747
-1.4   -1.3   40   45   0.993859   0.000939042   0.000939042
-1.4   -1.3   45   70   0.994937   0.00211047   0.00211047
-1.4   -1.3   70   100   0.989437   0.006749   0.006749
-1.4   -1.3   100   500   0.996188   0.0112508   0.0112508
-1.3   -1.2   -30.8333   10   0   0   0
-1.3   -1.2   10   12   0.209454   0.0755023   0.0755023
-1.3   -1.2   12   15   0.718458   0.0222815   0.0222815
-1.3   -1.2   15   18   0.922682   0.00974453   0.00974453
-1.3   -1.2   18   20   0.980365   0.00847779   0.00847779
-1.3   -1.2   20   25   0.987564   0.00415687   0.00415687
-1.3   -1.2   25   30   0.995874   0.00298771   0.00298771
-1.3   -1.2   30   35   0.989136   0.00196995   0.00196995
-1.3   -1.2   35   40   0.989302   0.00128722   0.00128722
-1.3   -1.2   40   45   0.991646   0.00264541   0.00264541
-1.3   -1.2   45   70   0.993823   0.00109839   0.00109839
-1.3   -1.2   70   100   1.00167   0.00403289   0.00403289
-1.3   -1.2   100   500   0.99639   0.00836027   0.00836027
-1.2   -1.1   -30.8333   10   0   0   0
-1.2   -1.1   10   12   0.238129   0.0616939   0.0616939
-1.2   -1.1   12   15   0.76184   0.0221207   0.0221207
-1.2   -1.1   15   18   0.94246   0.0203102   0.0203102
-1.2   -1.1   18   20   0.992071   0.0140084   0.0140084
-1.2   -1.1   20   25   0.990517   0.00956865   0.00956865
-1.2   -1.1   25   30   1.0011   0.00242285   0.00242285
-1.2   -1.1   30   35   0.999457   0.00191344   0.00191344
-1.2   -1.1   35   40   0.997004   0.00133052   0.00133052
-1.2   -1.1   40   45   0.99862   0.00103362   0.00103362
-1.2   -1.1   45   70   0.999364   0.00135253   0.00135253
-1.2   -1.1   70   100   0.99119   0.0046539   0.0046539
-1.2   -1.1   100   500   0.99608   0.00432968   0.00432968
-1.1   -1   -30.8333   10   0   0   0
-1.1   -1   10   12   0.227875   0.0529875   0.0529875
-1.1   -1   12   15   0.800797   0.0168907   0.0168907
-1.1   -1   15   18   0.968767   0.0102754   0.0102754
-1.1   -1   18   20   0.98818   0.0172292   0.0172292
-1.1   -1   20   25   0.998248   0.0055476   0.0055476
-1.1   -1   25   30   0.994473   0.00392621   0.00392621
-1.1   -1   30   35   0.994337   0.00135821   0.00135821
-1.1   -1   35   40   0.99378   0.00157921   0.00157921
-1.1   -1   40   45   0.997587   0.00122949   0.00122949
-1.1   -1   45   70   0.995588   0.00129171   0.00129171
-1.1   -1   70   100   0.99516   0.00295908   0.00295908
-1.1   -1   100   500   0.991822   0.00370203   0.00370203
-1   -0.9   -30.8333   10   0   0   0
-1   -0.9   10   12   0.199611   0.0445876   0.0445876
-1   -0.9   12   15   0.835397   0.0268817   0.0268817
-1   -0.9   15   18   0.963859   0.00691477   0.00691477
-1   -0.9   18   20   0.978955   0.00715567   0.00715567
-1   -0.9   20   25   0.984333   0.00550681   0.00550681
-1   -0.9   25   30   0.986169   0.00230264   0.00230264
-1   -0.9   30   35   0.984804   0.00156365   0.00156365
-1   -0.9   35   40   0.985283   0.00136685   0.00136685
-1   -0.9   40   45   0.987415   0.000840846   0.000840846
-1   -0.9   45   70   0.986679   0.00124346   0.00124346
-1   -0.9   70   100   0.986141   0.00342934   0.00342934
-1   -0.9   100   500   0.988885   0.00356948   0.00356948
-0.9   -0.8   -30.8333   10   0   0   0
-0.9   -0.8   10   12   0.296532   0.0607329   0.0607329
-0.9   -0.8   12   15   0.80644   0.0198255   0.0198255
-0.9   -0.8   15   18   0.973373   0.00693475   0.00693475
-0.9   -0.8   18   20   0.975644   0.00999051   0.00999051
-0.9   -0.8   20   25   0.980916   0.00390108   0.00390108
-0.9   -0.8   25   30   0.983025   0.00389506   0.00389506
-0.9   -0.8   30   35   0.980706   0.00173793   0.00173793
-0.9   -0.8   35   40   0.98259   0.000997562   0.000997562
-0.9   -0.8   40   45   0.985628   0.00160888   0.00160888
-0.9   -0.8   45   70   0.983493   0.00109621   0.00109621
-0.9   -0.8   70   100   0.984338   0.00720633   0.00720633
-0.9   -0.8   100   500   0.9914   0.0042051   0.0042051
-0.8   -0.7   -30.8333   10   0   0   0
-0.8   -0.7   10   12   0.32355   0.0706561   0.0706561
-0.8   -0.7   12   15   0.879914   0.0199625   0.0199625
-0.8   -0.7   15   18   0.971742   0.00660213   0.00660213
-0.8   -0.7   18   20   0.989985   0.00846196   0.00846196
-0.8   -0.7   20   25   0.991155   0.00286991   0.00286991
-0.8   -0.7   25   30   0.996953   0.00238638   0.00238638
-0.8   -0.7   30   35   0.991399   0.00226908   0.00226908
-0.8   -0.7   35   40   0.99506   0.00112387   0.00112387
-0.8   -0.7   40   45   0.99644   0.00112438   0.00112438
-0.8   -0.7   45   70   0.996463   0.00153323   0.00153323
-0.8   -0.7   70   100   1.00207   0.0046582   0.0046582
-0.8   -0.7   100   500   1.00237   0.00827256   0.00827256
-0.7   -0.6   -30.8333   10   0   0   0
-0.7   -0.6   10   12   0.272544   0.0560295   0.0560295
-0.7   -0.6   12   15   0.892474   0.0141556   0.0141556
-0.7   -0.6   15   18   0.991688   0.00595734   0.00595734
-0.7   -0.6   18   20   0.99743   0.0137084   0.0137084
-0.7   -0.6   20   25   0.998705   0.00885954   0.00885954
-0.7   -0.6   25   30   1.00011   0.00347172   0.00347172
-0.7   -0.6   30   35   0.995316   0.00259823   0.00259823
-0.7   -0.6   35   40   0.998629   0.00306212   0.00306212
-0.7   -0.6   40   45   0.999265   0.00170702   0.00170702
-0.7   -0.6   45   70   0.998958   0.00119244   0.00119244
-0.7   -0.6   70   100   1.00041   0.0026811   0.0026811
-0.7   -0.6   100   500   1.00237   0.00401254   0.00401254
-0.6   -0.5   -30.8333   10   0   0   0
-0.6   -0.5   10   12   0.314399   0.0582928   0.0582928
-0.6   -0.5   12   15   0.879296   0.0242058   0.0242058
-0.6   -0.5   15   18   0.977524   0.00908841   0.00908841
-0.6   -0.5   18   20   0.99752   0.011122   0.011122
-0.6   -0.5   20   25   0.991189   0.00280774   0.00280774
-0.6   -0.5   25   30   0.989772   0.00280526   0.00280526
-0.6   -0.5   30   35   0.990331   0.00136354   0.00136354
-0.6   -0.5   35   40   0.995363   0.00134289   0.00134289
-0.6   -0.5   40   45   0.995177   0.000830583   0.000830583
-0.6   -0.5   45   70   0.996457   0.000954112   0.000954112
-0.6   -0.5   70   100   0.995448   0.00527371   0.00527371
-0.6   -0.5   100   500   0.998764   0.00709734   0.00709734
-0.5   -0.4   -30.8333   10   0   0   0
-0.5   -0.4   10   12   0.274828   0.060771   0.060771
-0.5   -0.4   12   15   0.862402   0.019056   0.019056
-0.5   -0.4   15   18   0.981879   0.00793277   0.00793277
-0.5   -0.4   18   20   0.999026   0.00710483   0.00710483
-0.5   -0.4   20   25   0.986441   0.00307801   0.00307801
-0.5   -0.4   25   30   0.988173   0.00200515   0.00200515
-0.5   -0.4   30   35   0.98637   0.00169858   0.00169858
-0.5   -0.4   35   40   0.988245   0.00105343   0.00105343
-0.5   -0.4   40   45   0.990068   0.0014346   0.0014346
-0.5   -0.4   45   70   0.990122   0.00093626   0.00093626
-0.5   -0.4   70   100   0.996071   0.0108688   0.0108688
-0.5   -0.4   100   500   1.00051   0.00693585   0.00693585
-0.4   -0.3   -30.8333   10   0   0   0
-0.4   -0.3   10   12   0.204385   0.0595763   0.0595763
-0.4   -0.3   12   15   0.898408   0.0129433   0.0129433
-0.4   -0.3   15   18   0.976945   0.00631949   0.00631949
-0.4   -0.3   18   20   0.967625   0.00812416   0.00812416
-0.4   -0.3   20   25   0.981884   0.00344074   0.00344074
-0.4   -0.3   25   30   0.981289   0.00335851   0.00335851
-0.4   -0.3   30   35   0.980635   0.00232363   0.00232363
-0.4   -0.3   35   40   0.985082   0.00128768   0.00128768
-0.4   -0.3   40   45   0.986059   0.00108618   0.00108618
-0.4   -0.3   45   70   0.986318   0.000758259   0.000758259
-0.4   -0.3   70   100   0.986657   0.00765257   0.00765257
-0.4   -0.3   100   500   0.992944   0.00517733   0.00517733
-0.3   -0.2   -30.8333   10   0   0   0
-0.3   -0.2   10   12   0.195977   0.0552533   0.0552533
-0.3   -0.2   12   15   0.876745   0.0129138   0.0129138
-0.3   -0.2   15   18   0.964671   0.00813096   0.00813096
-0.3   -0.2   18   20   0.981624   0.0152253   0.0152253
-0.3   -0.2   20   25   0.979167   0.00554463   0.00554463
-0.3   -0.2   25   30   0.973179   0.00227131   0.00227131
-0.3   -0.2   30   35   0.974324   0.00195285   0.00195285
-0.3   -0.2   35   40   0.980779   0.000942647   0.000942647
-0.3   -0.2   40   45   0.982825   0.00168278   0.00168278
-0.3   -0.2   45   70   0.986524   0.000811361   0.000811361
-0.3   -0.2   70   100   0.990251   0.00306416   0.00306416
-0.3   -0.2   100   500   0.989086   0.00675971   0.00675971
-0.2   -0.1   -30.8333   10   0   0   0
-0.2   -0.1   10   12   0.210976   0.0601715   0.0601715
-0.2   -0.1   12   15   0.879674   0.0171588   0.0171588
-0.2   -0.1   15   18   0.974868   0.0127473   0.0127473
-0.2   -0.1   18   20   0.972106   0.0109346   0.0109346
-0.2   -0.1   20   25   0.977584   0.00315331   0.00315331
-0.2   -0.1   25   30   0.971178   0.00265972   0.00265972
-0.2   -0.1   30   35   0.971505   0.00377749   0.00377749
-0.2   -0.1   35   40   0.982359   0.00191655   0.00191655
-0.2   -0.1   40   45   0.98202   0.000770696   0.000770696
-0.2   -0.1   45   70   0.987313   0.000887444   0.000887444
-0.2   -0.1   70   100   0.99608   0.00386736   0.00386736
-0.2   -0.1   100   500   0.994871   0.00451111   0.00451111
-0.1   0   -30.8333   10   0   0   0
-0.1   0   10   12   0.349365   0.0970256   0.0970256
-0.1   0   12   15   0.87148   0.0142446   0.0142446
-0.1   0   15   18   0.959264   0.00807606   0.00807606
-0.1   0   18   20   0.969713   0.00643128   0.00643128
-0.1   0   20   25   0.973224   0.00392948   0.00392948
-0.1   0   25   30   0.967361   0.00289874   0.00289874
-0.1   0   30   35   0.967509   0.00209257   0.00209257
-0.1   0   35   40   0.977591   0.00109266   0.00109266
-0.1   0   40   45   0.979924   0.0009332   0.0009332
-0.1   0   45   70   0.985092   0.000842313   0.000842313
-0.1   0   70   100   0.994391   0.00336081   0.00336081
-0.1   0   100   500   1.00114   0.00420537   0.00420537
0   0.1   -30.8333   10   0   0   0
0   0.1   10   12   0.19685   0.0880051   0.0880051
0   0.1   12   15   0.861668   0.0138947   0.0138947
0   0.1   15   18   0.955247   0.0181772   0.0181772
0   0.1   18   20   0.970256   0.012443   0.012443
0   0.1   20   25   0.97371   0.00376426   0.00376426
0   0.1   25   30   0.968926   0.00497014   0.00497014
0   0.1   30   35   0.97103   0.00173012   0.00173012
0   0.1   35   40   0.979056   0.00111685   0.00111685
0   0.1   40   45   0.980527   0.000912512   0.000912512
0   0.1   45   70   0.986529   0.000784585   0.000784585
0   0.1   70   100   0.991972   0.00769342   0.00769342
0   0.1   100   500   1.00042   0.00438414   0.00438414
0.1   0.2   -30.8333   10   0   0   0
0.1   0.2   10   12   0.193022   0.0957587   0.0957587
0.1   0.2   12   15   0.890696   0.0229175   0.0229175
0.1   0.2   15   18   0.958746   0.00856865   0.00856865
0.1   0.2   18   20   0.956923   0.00644726   0.00644726
0.1   0.2   20   25   0.969098   0.00293238   0.00293238
0.1   0.2   25   30   0.968478   0.00257285   0.00257285
0.1   0.2   30   35   0.968449   0.00169298   0.00169298
0.1   0.2   35   40   0.975316   0.0012876   0.0012876
0.1   0.2   40   45   0.979171   0.0020579   0.0020579
0.1   0.2   45   70   0.980556   0.000845205   0.000845205
0.1   0.2   70   100   0.996256   0.00641345   0.00641345
0.1   0.2   100   500   0.989786   0.00402869   0.00402869
0.2   0.3   -30.8333   10   0   0   0
0.2   0.3   10   12   0.287293   0.0696202   0.0696202
0.2   0.3   12   15   0.890119   0.014407   0.014407
0.2   0.3   15   18   0.964155   0.00700493   0.00700493
0.2   0.3   18   20   0.972038   0.0109218   0.0109218
0.2   0.3   20   25   0.980607   0.00345814   0.00345814
0.2   0.3   25   30   0.976887   0.00274317   0.00274317
0.2   0.3   30   35   0.976801   0.00203194   0.00203194
0.2   0.3   35   40   0.980654   0.00155385   0.00155385
0.2   0.3   40   45   0.981965   0.0015238   0.0015238
0.2   0.3   45   70   0.983304   0.000719249   0.000719249
0.2   0.3   70   100   0.978032   0.00313334   0.00313334
0.2   0.3   100   500   0.982964   0.00424899   0.00424899
0.3   0.4   -30.8333   10   0   0   0
0.3   0.4   10   12   0.286432   0.0855848   0.0855848
0.3   0.4   12   15   0.897001   0.0146987   0.0146987
0.3   0.4   15   18   0.969579   0.00579087   0.00579087
0.3   0.4   18   20   0.975282   0.00751116   0.00751116
0.3   0.4   20   25   0.974798   0.00295221   0.00295221
0.3   0.4   25   30   0.977405   0.00222613   0.00222613
0.3   0.4   30   35   0.979729   0.00230618   0.00230618
0.3   0.4   35   40   0.977841   0.00147238   0.00147238
0.3   0.4   40   45   0.981229   0.000816778   0.000816778
0.3   0.4   45   70   0.97966   0.00125836   0.00125836
0.3   0.4   70   100   0.981501   0.00325248   0.00325248
0.3   0.4   100   500   0.983054   0.00406936   0.00406936
0.4   0.5   -30.8333   10   0   0   0
0.4   0.5   10   12   0.331629   0.0704304   0.0704304
0.4   0.5   12   15   0.891129   0.0134472   0.0134472
0.4   0.5   15   18   0.967627   0.00749831   0.00749831
0.4   0.5   18   20   0.979431   0.0147137   0.0147137
0.4   0.5   20   25   0.980784   0.00759423   0.00759423
0.4   0.5   25   30   0.985961   0.00315484   0.00315484
0.4   0.5   30   35   0.981529   0.002859   0.002859
0.4   0.5   35   40   0.983555   0.00141572   0.00141572
0.4   0.5   40   45   0.984564   0.00111101   0.00111101
0.4   0.5   45   70   0.984656   0.00125876   0.00125876
0.4   0.5   70   100   0.984693   0.00352763   0.00352763
0.4   0.5   100   500   0.984945   0.00576837   0.00576837
0.5   0.6   -30.8333   10   0   0   0
0.5   0.6   10   12   0.185948   0.0441195   0.0441195
0.5   0.6   12   15   0.901442   0.0225983   0.0225983
0.5   0.6   15   18   0.976349   0.00640555   0.00640555
0.5   0.6   18   20   0.97629   0.00607578   0.00607578
0.5   0.6   20   25   0.989651   0.00324452   0.00324452
0.5   0.6   25   30   0.989082   0.0020321   0.0020321
0.5   0.6   30   35   0.985723   0.0023736   0.0023736
0.5   0.6   35   40   0.987119   0.0010302   0.0010302
0.5   0.6   40   45   0.987788   0.00223119   0.00223119
0.5   0.6   45   70   0.989018   0.0014448   0.0014448
0.5   0.6   70   100   0.991481   0.00426381   0.00426381
0.5   0.6   100   500   0.996283   0.00451006   0.00451006
0.6   0.7   -30.8333   10   0   0   0
0.6   0.7   10   12   0.291124   0.0570861   0.0570861
0.6   0.7   12   15   0.887012   0.0153843   0.0153843
0.6   0.7   15   18   0.979189   0.00692626   0.00692626
0.6   0.7   18   20   0.987879   0.00596884   0.00596884
0.6   0.7   20   25   0.99265   0.00277767   0.00277767
0.6   0.7   25   30   0.990673   0.00501825   0.00501825
0.6   0.7   30   35   0.988659   0.00257955   0.00257955
0.6   0.7   35   40   0.988269   0.00126046   0.00126046
0.6   0.7   40   45   0.988098   0.00118036   0.00118036
0.6   0.7   45   70   0.989121   0.00105344   0.00105344
0.6   0.7   70   100   0.986751   0.00370561   0.00370561
0.6   0.7   100   500   0.990577   0.00752656   0.00752656
0.7   0.8   -30.8333   10   0   0   0
0.7   0.8   10   12   0.319386   0.0885038   0.0885038
0.7   0.8   12   15   0.872761   0.0248331   0.0248331
0.7   0.8   15   18   0.968163   0.00672681   0.00672681
0.7   0.8   18   20   0.985779   0.00634296   0.00634296
0.7   0.8   20   25   0.988286   0.00356837   0.00356837
0.7   0.8   25   30   0.981588   0.00516817   0.00516817
0.7   0.8   30   35   0.984925   0.00354507   0.00354507
0.7   0.8   35   40   0.986267   0.00151651   0.00151651
0.7   0.8   40   45   0.984227   0.00122826   0.00122826
0.7   0.8   45   70   0.984848   0.00100304   0.00100304
0.7   0.8   70   100   0.992307   0.00538048   0.00538048
0.7   0.8   100   500   0.991293   0.0162097   0.0162097
0.8   0.9   -30.8333   10   0   0   0
0.8   0.9   10   12   0.320427   0.0631008   0.0631008
0.8   0.9   12   15   0.815002   0.0281819   0.0281819
0.8   0.9   15   18   0.957875   0.016862   0.016862
0.8   0.9   18   20   0.980329   0.00883083   0.00883083
0.8   0.9   20   25   0.982384   0.00325313   0.00325313
0.8   0.9   25   30   0.983267   0.00471363   0.00471363
0.8   0.9   30   35   0.981266   0.00146726   0.00146726
0.8   0.9   35   40   0.982927   0.00168527   0.00168527
0.8   0.9   40   45   0.984731   0.000996445   0.000996445
0.8   0.9   45   70   0.983927   0.00113031   0.00113031
0.8   0.9   70   100   0.984636   0.00381838   0.00381838
0.8   0.9   100   500   0.975878   0.0048051   0.0048051
0.9   1   -30.8333   10   0   0   0
0.9   1   10   12   0.166052   0.0592277   0.0592277
0.9   1   12   15   0.832637   0.0235832   0.0235832
0.9   1   15   18   0.956706   0.0113564   0.0113564
0.9   1   18   20   0.990784   0.00934188   0.00934188
0.9   1   20   25   0.985731   0.00357557   0.00357557
0.9   1   25   30   0.985556   0.00311417   0.00311417
0.9   1   30   35   0.984617   0.00206055   0.00206055
0.9   1   35   40   0.98533   0.00103189   0.00103189
0.9   1   40   45   0.989758   0.00159773   0.00159773
0.9   1   45   70   0.989534   0.00113826   0.00113826
0.9   1   70   100   0.98412   0.00509808   0.00509808
0.9   1   100   500   0.984514   0.00514623   0.00514623
1   1.1   -30.8333   10   0   0   0
1   1.1   10   12   0.159751   0.0570229   0.0570229
1   1.1   12   15   0.817493   0.0365656   0.0365656
1   1.1   15   18   0.948802   0.00707842   0.00707842
1   1.1   18   20   0.98404   0.01184   0.01184
1   1.1   20   25   0.993074   0.00529384   0.00529384
1   1.1   25   30   0.990315   0.0025022   0.0025022
1   1.1   30   35   0.986655   0.00149437   0.00149437
1   1.1   35   40   0.986101   0.00348895   0.00348895
1   1.1   40   45   0.989786   0.000878924   0.000878924
1   1.1   45   70   0.9885   0.00123409   0.00123409
1   1.1   70   100   0.98275   0.00487941   0.00487941
1   1.1   100   500   0.989063   0.00603673   0.00603673
1.1   1.2   -30.8333   10   0   0   0
1.1   1.2   10   12   0.25476   0.064036   0.064036
1.1   1.2   12   15   0.780922   0.024182   0.024182
1.1   1.2   15   18   0.927365   0.0124709   0.0124709
1.1   1.2   18   20   0.960776   0.0119287   0.0119287
1.1   1.2   20   25   0.992132   0.00463582   0.00463582
1.1   1.2   25   30   0.996112   0.00354464   0.00354464
1.1   1.2   30   35   0.997129   0.00254016   0.00254016
1.1   1.2   35   40   0.992919   0.0033205   0.0033205
1.1   1.2   40   45   0.994824   0.00151142   0.00151142
1.1   1.2   45   70   0.995801   0.00104815   0.00104815
1.1   1.2   70   100   0.984962   0.010169   0.010169
1.1   1.2   100   500   0.988015   0.00541734   0.00541734
1.2   1.3   -30.8333   10   0   0   0
1.2   1.3   10   12   0.127506   0.0900425   0.0900425
1.2   1.3   12   15   0.682713   0.0520583   0.0520583
1.2   1.3   15   18   0.927612   0.014088   0.014088
1.2   1.3   18   20   0.994893   0.0177991   0.0177991
1.2   1.3   20   25   0.988427   0.00966025   0.00966025
1.2   1.3   25   30   1.00094   0.0053126   0.0053126
1.2   1.3   30   35   0.991509   0.00266081   0.00266081
1.2   1.3   35   40   0.989601   0.00197395   0.00197395
1.2   1.3   40   45   0.988575   0.00121862   0.00121862
1.2   1.3   45   70   0.989884   0.00172392   0.00172392
1.2   1.3   70   100   0.994159   0.0131054   0.0131054
1.2   1.3   100   500   0.998013   0.00570818   0.00570818
1.3   1.4   -30.8333   10   0   0   0
1.3   1.4   10   12   0.228288   0.0570313   0.0570313
1.3   1.4   12   15   0.738906   0.0300683   0.0300683
1.3   1.4   15   18   0.903317   0.0203787   0.0203787
1.3   1.4   18   20   0.95453   0.0230844   0.0230844
1.3   1.4   20   25   0.970204   0.00524031   0.00524031
1.3   1.4   25   30   0.987378   0.00303004   0.00303004
1.3   1.4   30   35   0.990458   0.00218434   0.00218434
1.3   1.4   35   40   0.990985   0.00436824   0.00436824
1.3   1.4   40   45   0.99222   0.00182263   0.00182263
1.3   1.4   45   70   0.993229   0.00113051   0.00113051
1.3   1.4   70   100   0.987686   0.00512032   0.00512032
1.3   1.4   100   500   1.00261   0.0114089   0.0114089
1.4   1.5   -30.8333   10   0   0   0
1.4   1.5   10   12   0.405336   0.0682041   0.0682041
1.4   1.5   12   15   0.748806   0.0311305   0.0311305
1.4   1.5   15   18   0.92098   0.0110574   0.0110574
1.4   1.5   18   20   0.974866   0.0191351   0.0191351
1.4   1.5   20   25   0.967738   0.00841637   0.00841637
1.4   1.5   25   30   0.974817   0.00535833   0.00535833
1.4   1.5   30   35   0.985669   0.0028803   0.0028803
1.4   1.5   35   40   0.993333   0.00192368   0.00192368
1.4   1.5   40   45   0.98399   0.0012188   0.0012188
1.4   1.5   45   70   0.986034   0.00270086   0.00270086
1.4   1.5   70   100   0.997594   0.0116747   0.0116747
1.4   1.5   100   500   0.964681   0.0341924   0.0341924
1.5   1.6   -30.8333   10   0   0   0
1.5   1.6   10   12   0.57406   0.226226   0.226226
1.5   1.6   12   15   0.697228   0.0631719   0.0631719
1.5   1.6   15   18   0.873674   0.0137002   0.0137002
1.5   1.6   18   20   0.918058   0.00996055   0.00996055
1.5   1.6   20   25   0.971762   0.010283   0.010283
1.5   1.6   25   30   0.986501   0.00403726   0.00403726
1.5   1.6   30   35   0.996134   0.00608838   0.00608838
1.5   1.6   35   40   0.993419   0.00233924   0.00233924
1.5   1.6   40   45   0.993161   0.00129978   0.00129978
1.5   1.6   45   70   0.995491   0.00114733   0.00114733
1.5   1.6   70   100   1.00176   0.0119697   0.0119697
1.5   1.6   100   500   0.987206   0.00631747   0.00631747
1.6   1.7   -30.8333   10   0   0   0
1.6   1.7   10   12   0.352941   0.0798163   0.0798163
1.6   1.7   12   15   0.648866   0.0207219   0.0207219
1.6   1.7   15   18   0.83354   0.0200452   0.0200452
1.6   1.7   18   20   0.927296   0.00866699   0.00866699
1.6   1.7   20   25   0.965865   0.00428932   0.00428932
1.6   1.7   25   30   0.986987   0.00207909   0.00207909
1.6   1.7   30   35   0.988809   0.0016214   0.0016214
1.6   1.7   35   40   0.99015   0.00207411   0.00207411
1.6   1.7   40   45   0.991855   0.000748654   0.000748654
1.6   1.7   45   70   0.996088   0.000947943   0.000947943
1.6   1.7   70   100   1.00174   0.00445976   0.00445976
1.6   1.7   100   500   0.998672   0.00438771   0.00438771
1.7   1.8   -30.8333   10   0   0   0
1.7   1.8   10   12   0.313665   0.143504   0.143504
1.7   1.8   12   15   0.611024   0.020011   0.020011
1.7   1.8   15   18   0.815479   0.0209092   0.0209092
1.7   1.8   18   20   0.912425   0.0101894   0.0101894
1.7   1.8   20   25   0.961094   0.00497436   0.00497436
1.7   1.8   25   30   0.985961   0.00264977   0.00264977
1.7   1.8   30   35   0.990985   0.00189443   0.00189443
1.7   1.8   35   40   0.98594   0.00160112   0.00160112
1.7   1.8   40   45   0.991196   0.000997567   0.000997567
1.7   1.8   45   70   0.994367   0.00115954   0.00115954
1.7   1.8   70   100   0.996131   0.0041858   0.0041858
1.7   1.8   100   500   0.990357   0.00447142   0.00447142
1.8   1.9   -30.8333   10   0   0   0
1.8   1.9   10   12   0.244866   0.0983835   0.0983835
1.8   1.9   12   15   0.562461   0.0289957   0.0289957
1.8   1.9   15   18   0.780382   0.0132274   0.0132274
1.8   1.9   18   20   0.874184   0.00994548   0.00994548
1.8   1.9   20   25   0.931897   0.00829585   0.00829585
1.8   1.9   25   30   0.96926   0.00219416   0.00219416
1.8   1.9   30   35   0.978596   0.00198298   0.00198298
1.8   1.9   35   40   0.977561   0.00183474   0.00183474
1.8   1.9   40   45   0.98242   0.00127426   0.00127426
1.8   1.9   45   70   0.98864   0.00102023   0.00102023
1.8   1.9   70   100   0.987414   0.00449285   0.00449285
1.8   1.9   100   500   0.988345   0.00517766   0.00517766
1.9   2   -30.8333   10   0   0   0
1.9   2   10   12   0.104598   0.0443864   0.0443864
1.9   2   12   15   0.593886   0.0225928   0.0225928
1.9   2   15   18   0.792389   0.0111737   0.0111737
1.9   2   18   20   0.873945   0.00992961   0.00992961
1.9   2   20   25   0.933837   0.00366597   0.00366597
1.9   2   25   30   0.962732   0.0036384   0.0036384
1.9   2   30   35   0.969516   0.00169742   0.00169742
1.9   2   35   40   0.9804   0.00109101   0.00109101
1.9   2   40   45   0.985538   0.000860733   0.000860733
1.9   2   45   70   0.985285   0.000931312   0.000931312
1.9   2   70   100   0.982029   0.00496636   0.00496636
1.9   2   100   500   0.992685   0.00693052   0.00693052
2   2.1   -30.8333   10   0   0   0
2   2.1   10   12   0.0803403   0.0346755   0.0346755
2   2.1   12   15   0.57967   0.0255257   0.0255257
2   2.1   15   18   0.835719   0.0108951   0.0108951
2   2.1   18   20   0.8731   0.00941152   0.00941152
2   2.1   20   25   0.923642   0.00398905   0.00398905
2   2.1   25   30   0.958724   0.00262242   0.00262242
2   2.1   30   35   0.96894   0.00170227   0.00170227
2   2.1   35   40   0.981342   0.00176678   0.00176678
2   2.1   40   45   0.984285   0.000944887   0.000944887
2   2.1   45   70   0.987109   0.000945075   0.000945075
2   2.1   70   100   0.986414   0.00490793   0.00490793
2   2.1   100   500   0.992336   0.00498873   0.00498873
2.1   2.2   -30.8333   10   0   0   0
2.1   2.2   10   12   0.0703002   0.0295715   0.0295715
2.1   2.2   12   15   0.5546   0.0238301   0.0238301
2.1   2.2   15   18   0.74585   0.0112716   0.0112716
2.1   2.2   18   20   0.821907   0.0108915   0.0108915
2.1   2.2   20   25   0.867947   0.00756951   0.00756951
2.1   2.2   25   30   0.90117   0.00524639   0.00524639
2.1   2.2   30   35   0.941348   0.0023539   0.0023539
2.1   2.2   35   40   0.966459   0.0017982   0.0017982
2.1   2.2   40   45   0.971022   0.00277876   0.00277876
2.1   2.2   45   70   0.979944   0.00179717   0.00179717
2.1   2.2   70   100   0.983437   0.00608948   0.00608948
2.1   2.2   100   500   0.975691   0.00886894   0.00886894
2.2   2.3   -30.8333   10   0   0   0
2.2   2.3   10   12   0.100111   0.0301716   0.0301716
2.2   2.3   12   15   0.50671   0.0377162   0.0377162
2.2   2.3   15   18   0.701771   0.015436   0.015436
2.2   2.3   18   20   0.772819   0.011456   0.011456
2.2   2.3   20   25   0.804204   0.00642135   0.00642135
2.2   2.3   25   30   0.846601   0.00788807   0.00788807
2.2   2.3   30   35   0.908538   0.00274852   0.00274852
2.2   2.3   35   40   0.949749   0.00178084   0.00178084
2.2   2.3   40   45   0.958703   0.00153172   0.00153172
2.2   2.3   45   70   0.968994   0.00134306   0.00134306
2.2   2.3   70   100   0.97849   0.00648213   0.00648213
2.2   2.3   100   500   0.979003   0.00823189   0.00823189
2.3   2.4   -30.8333   10   0   0   0
2.3   2.4   10   12   0.088187   0.0320574   0.0320574
2.3   2.4   12   15   0.431527   0.0207331   0.0207331
2.3   2.4   15   18   0.58479   0.0209282   0.0209282
2.3   2.4   18   20   0.627279   0.0137959   0.0137959
2.3   2.4   20   25   0.685892   0.00905105   0.00905105
2.3   2.4   25   30   0.767627   0.0077351   0.0077351
2.3   2.4   30   35   0.858215   0.00549842   0.00549842
2.3   2.4   35   40   0.934766   0.00431661   0.00431661
2.3   2.4   40   45   0.968131   0.00222371   0.00222371
2.3   2.4   45   70   0.971083   0.00185701   0.00185701
2.3   2.4   70   100   0.986831   0.00806621   0.00806621
2.3   2.4   100   500   0.973498   0.0116152   0.0116152
2.4   2.5   -30.8333   10   0   0   0
2.4   2.5   10   12   0.2194   0.064859   0.064859
2.4   2.5   12   15   0.731814   0.0398627   0.0398627
2.4   2.5   15   18   0.736426   0.023505   0.023505
2.4   2.5   18   20   0.703563   0.0195134   0.0195134
2.4   2.5   20   25   0.729076   0.0100504   0.0100504
2.4   2.5   25   30   0.79297   0.00906463   0.00906463
2.4   2.5   30   35   0.829765   0.00530674   0.00530674
2.4   2.5   35   40   0.868668   0.00586403   0.00586403
2.4   2.5   40   45   0.898579   0.00287169   0.00287169
2.4   2.5   45   70   0.921743   0.00288598   0.00288598
2.4   2.5   70   100   0.969885   0.0111864   0.0111864
2.4   2.5   100   500   0.998146   0.0157774   0.0157774
