-2.6   -2.5   -34.5455   10   0   0   0
-2.6   -2.5   10   19   0   0   0
-2.6   -2.5   19   23   0   0   0
-2.6   -2.5   23   25   0   0   0
-2.6   -2.5   25   27   0   0   0
-2.6   -2.5   27   30   0   0   0
-2.6   -2.5   30   35   0   0   0
-2.6   -2.5   35   40   0   0   0
-2.6   -2.5   40   45   0   0   0
-2.6   -2.5   45   70   0   0   0
-2.6   -2.5   70   100   0   0   0
-2.6   -2.5   100   500   0   0   0
-2.5   -2.4   -34.5455   10   0   0   0
-2.5   -2.4   10   19   0.015873   0.00943246   0.00943246
-2.5   -2.4   19   23   0.242474   0.0178288   0.0178288
-2.5   -2.4   23   25   0.749286   0.0240614   0.0240614
-2.5   -2.4   25   27   1.02584   0.0313084   0.0313084
-2.5   -2.4   27   30   1.07028   0.0240055   0.0240055
-2.5   -2.4   30   35   0.952433   0.00875226   0.00875226
-2.5   -2.4   35   40   0.874669   0.00740827   0.00740827
-2.5   -2.4   40   45   0.874192   0.00440529   0.00440529
-2.5   -2.4   45   70   0.91891   0.00366047   0.00366047
-2.5   -2.4   70   100   1.0074   0.0247915   0.0247915
-2.5   -2.4   100   500   0.978829   0.0159086   0.0159086
-2.4   -2.3   -34.5455   10   0   0   0
-2.4   -2.3   10   19   0   0   0
-2.4   -2.3   19   23   0.115641   0.0105075   0.0105075
-2.4   -2.3   23   25   0.471472   0.0147815   0.0147815
-2.4   -2.3   25   27   0.745192   0.0138092   0.0138092
-2.4   -2.3   27   30   0.82548   0.0123355   0.0123355
-2.4   -2.3   30   35   0.902065   0.00342565   0.00342565
-2.4   -2.3   35   40   0.945418   0.0028121   0.0028121
-2.4   -2.3   40   45   0.970735   0.00288672   0.00288672
-2.4   -2.3   45   70   0.977922   0.00170281   0.00170281
-2.4   -2.3   70   100   0.993534   0.00626352   0.00626352
-2.4   -2.3   100   500   0.992624   0.0122341   0.0122341
-2.3   -2.2   -34.5455   10   0   0   0
-2.3   -2.2   10   19   0   0   0
-2.3   -2.2   19   23   0.174474   0.0176813   0.0176813
-2.3   -2.2   23   25   0.594893   0.0163923   0.0163923
-2.3   -2.2   25   27   0.774414   0.0127572   0.0127572
-2.3   -2.2   27   30   0.846976   0.00517122   0.00517122
-2.3   -2.2   30   35   0.922713   0.00364759   0.00364759
-2.3   -2.2   35   40   0.94636   0.00207069   0.00207069
-2.3   -2.2   40   45   0.96111   0.00233032   0.00233032
-2.3   -2.2   45   70   0.969582   0.00284674   0.00284674
-2.3   -2.2   70   100   0.978256   0.00487745   0.00487745
-2.3   -2.2   100   500   0.991284   0.00765189   0.00765189
-2.2   -2.1   -34.5455   10   0   0   0
-2.2   -2.1   10   19   0.0625   0.0988859   0.0988859
-2.2   -2.1   19   23   0.101684   0.012818   0.012818
-2.2   -2.1   23   25   0.532722   0.0164008   0.0164008
-2.2   -2.1   25   27   0.807321   0.00896775   0.00896775
-2.2   -2.1   27   30   0.893735   0.00531386   0.00531386
-2.2   -2.1   30   35   0.931863   0.00631624   0.00631624
-2.2   -2.1   35   40   0.963276   0.00197388   0.00197388
-2.2   -2.1   40   45   0.968285   0.00142325   0.00142325
-2.2   -2.1   45   70   0.980362   0.00214091   0.00214091
-2.2   -2.1   70   100   0.988182   0.0040397   0.0040397
-2.2   -2.1   100   500   0.986544   0.00605461   0.00605461
-2.1   -2   -34.5455   10   0   0   0
-2.1   -2   10   19   0   0   0
-2.1   -2   19   23   0.127825   0.0127711   0.0127711
-2.1   -2   23   25   0.593123   0.0163621   0.0163621
-2.1   -2   25   27   0.877679   0.0152836   0.0152836
-2.1   -2   27   30   0.920743   0.00700425   0.00700425
-2.1   -2   30   35   0.949762   0.00198455   0.00198455
-2.1   -2   35   40   0.971699   0.00127503   0.00127503
-2.1   -2   40   45   0.974477   0.00103492   0.00103492
-2.1   -2   45   70   0.979704   0.00135126   0.00135126
-2.1   -2   70   100   0.983188   0.00589118   0.00589118
-2.1   -2   100   500   0.977814   0.0103822   0.0103822
-2   -1.9   -34.5455   10   0   0   0
-2   -1.9   10   19   0.222222   0.336971   0.336971
-2   -1.9   19   23   0.126836   0.0189197   0.0189197
-2   -1.9   23   25   0.48924   0.0166221   0.0166221
-2   -1.9   25   27   0.774026   0.00879805   0.00879805
-2   -1.9   27   30   0.888006   0.00537322   0.00537322
-2   -1.9   30   35   0.934048   0.00213014   0.00213014
-2   -1.9   35   40   0.964264   0.00120442   0.00120442
-2   -1.9   40   45   0.971688   0.000978315   0.000978315
-2   -1.9   45   70   0.977178   0.0020936   0.0020936
-2   -1.9   70   100   0.984397   0.00671236   0.00671236
-2   -1.9   100   500   0.985312   0.00881329   0.00881329
-1.9   -1.8   -34.5455   10   0   0   0
-1.9   -1.8   10   19   0.375   0.320217   0.320217
-1.9   -1.8   19   23   0.11054   0.013788   0.013788
-1.9   -1.8   23   25   0.375649   0.0162965   0.0162965
-1.9   -1.8   25   27   0.622508   0.010248   0.010248
-1.9   -1.8   27   30   0.818144   0.00434029   0.00434029
-1.9   -1.8   30   35   0.942633   0.00250623   0.00250623
-1.9   -1.8   35   40   0.977094   0.00261374   0.00261374
-1.9   -1.8   40   45   0.988568   0.00126015   0.00126015
-1.9   -1.8   45   70   0.996118   0.000882602   0.000882602
-1.9   -1.8   70   100   0.993918   0.00317557   0.00317557
-1.9   -1.8   100   500   0.993535   0.00417612   0.00417612
-1.8   -1.7   -34.5455   10   0   0   0
-1.8   -1.7   10   19   0.8   0.685598   0.685598
-1.8   -1.7   19   23   0.210204   0.0314759   0.0314759
-1.8   -1.7   23   25   0.44977   0.0229721   0.0229721
-1.8   -1.7   25   27   0.620657   0.0129478   0.0129478
-1.8   -1.7   27   30   0.804857   0.00397323   0.00397323
-1.8   -1.7   30   35   0.927666   0.00220951   0.00220951
-1.8   -1.7   35   40   0.964242   0.00126194   0.00126194
-1.8   -1.7   40   45   0.981014   0.00115852   0.00115852
-1.8   -1.7   45   70   0.988807   0.000732092   0.000732092
-1.8   -1.7   70   100   0.992151   0.00539131   0.00539131
-1.8   -1.7   100   500   0.991744   0.00465902   0.00465902
-1.7   -1.6   -34.5455   10   0   0   0
-1.7   -1.6   10   19   0   0   0
-1.7   -1.6   19   23   0.248447   0.0246494   0.0246494
-1.7   -1.6   23   25   0.511287   0.0115854   0.0115854
-1.7   -1.6   25   27   0.672322   0.00754782   0.00754782
-1.7   -1.6   27   30   0.826935   0.00383698   0.00383698
-1.7   -1.6   30   35   0.934337   0.00363381   0.00363381
-1.7   -1.6   35   40   0.96403   0.0015262   0.0015262
-1.7   -1.6   40   45   0.975201   0.000996035   0.000996035
-1.7   -1.6   45   70   0.980829   0.000912305   0.000912305
-1.7   -1.6   70   100   0.98303   0.00657834   0.00657834
-1.7   -1.6   100   500   0.979043   0.00612154   0.00612154
-1.6   -1.5   -34.5455   10   0   0   0
-1.6   -1.5   10   19   0.679426   0.187972   0.187972
-1.6   -1.5   19   23   0.630031   0.0296971   0.0296971
-1.6   -1.5   23   25   0.708082   0.0149966   0.0149966
-1.6   -1.5   25   27   0.793175   0.0163487   0.0163487
-1.6   -1.5   27   30   0.90656   0.0051848   0.0051848
-1.6   -1.5   30   35   0.967467   0.00391164   0.00391164
-1.6   -1.5   35   40   0.979718   0.0030931   0.0030931
-1.6   -1.5   40   45   0.98755   0.00171295   0.00171295
-1.6   -1.5   45   70   0.986769   0.00212326   0.00212326
-1.6   -1.5   70   100   0.98918   0.00526315   0.00526315
-1.6   -1.5   100   500   0.97648   0.00791376   0.00791376
-1.5   -1.4   -34.5455   10   0   0   0
-1.5   -1.4   10   19   0   0   0
-1.5   -1.4   19   23   0.0994624   0.00898148   0.00898148
-1.5   -1.4   23   25   0.300753   0.00870743   0.00870743
-1.5   -1.4   25   27   0.617308   0.00797754   0.00797754
-1.5   -1.4   27   30   0.834818   0.0045502   0.0045502
-1.5   -1.4   30   35   0.961977   0.00252862   0.00252862
-1.5   -1.4   35   40   0.991337   0.00144363   0.00144363
-1.5   -1.4   40   45   0.980386   0.00278846   0.00278846
-1.5   -1.4   45   70   0.983708   0.00145703   0.00145703
-1.5   -1.4   70   100   1.00022   0.0070966   0.0070966
-1.5   -1.4   100   500   0.993155   0.0123787   0.0123787
-1.4   -1.3   -34.5455   10   0   0   0
-1.4   -1.3   10   19   0.333333   0.394553   0.394553
-1.4   -1.3   19   23   0.0645745   0.010143   0.010143
-1.4   -1.3   23   25   0.308741   0.00844648   0.00844648
-1.4   -1.3   25   27   0.579833   0.00717505   0.00717505
-1.4   -1.3   27   30   0.84218   0.00422454   0.00422454
-1.4   -1.3   30   35   0.964642   0.004741   0.004741
-1.4   -1.3   35   40   0.987   0.00152891   0.00152891
-1.4   -1.3   40   45   0.988074   0.00104485   0.00104485
-1.4   -1.3   45   70   0.990697   0.00213266   0.00213266
-1.4   -1.3   70   100   0.989437   0.006749   0.006749
-1.4   -1.3   100   500   0.9967   0.0121029   0.0121029
-1.3   -1.2   -34.5455   10   0   0   0
-1.3   -1.2   10   19   0.111111   0.297612   0.297612
-1.3   -1.2   19   23   0.0706874   0.00743289   0.00743289
-1.3   -1.2   23   25   0.288733   0.00786215   0.00786215
-1.3   -1.2   25   27   0.586798   0.00868946   0.00868946
-1.3   -1.2   27   30   0.841206   0.00430545   0.00430545
-1.3   -1.2   30   35   0.970543   0.00216091   0.00216091
-1.3   -1.2   35   40   0.98592   0.00147781   0.00147781
-1.3   -1.2   40   45   0.98653   0.00284711   0.00284711
-1.3   -1.2   45   70   0.989113   0.00112801   0.00112801
-1.3   -1.2   70   100   1.00135   0.00403428   0.00403428
-1.3   -1.2   100   500   0.994833   0.00911847   0.00911847
-1.2   -1.1   -34.5455   10   0   0   0
-1.2   -1.1   10   19   0.1   0.226961   0.226961
-1.2   -1.1   19   23   0.059531   0.00709975   0.00709975
-1.2   -1.1   23   25   0.32874   0.00858211   0.00858211
-1.2   -1.1   25   27   0.639688   0.00735328   0.00735328
-1.2   -1.1   27   30   0.88106   0.00532694   0.00532694
-1.2   -1.1   30   35   0.990013   0.00229174   0.00229174
-1.2   -1.1   35   40   0.996217   0.0013086   0.0013086
-1.2   -1.1   40   45   0.993276   0.00128002   0.00128002
-1.2   -1.1   45   70   0.99628   0.00154495   0.00154495
-1.2   -1.1   70   100   0.991498   0.00444887   0.00444887
-1.2   -1.1   100   500   0.99535   0.00490344   0.00490344
-1.1   -1   -34.5455   10   0   0   0
-1.1   -1   10   19   0.5   0.434613   0.434613
-1.1   -1   19   23   0.0766793   0.00846624   0.00846624
-1.1   -1   23   25   0.487016   0.00978989   0.00978989
-1.1   -1   25   27   0.798586   0.00727779   0.00727779
-1.1   -1   27   30   0.952625   0.00301363   0.00301363
-1.1   -1   30   35   0.99502   0.00155556   0.00155556
-1.1   -1   35   40   0.992633   0.00121404   0.00121404
-1.1   -1   40   45   0.991761   0.00100438   0.00100438
-1.1   -1   45   70   0.991468   0.00143271   0.00143271
-1.1   -1   70   100   0.995365   0.00290056   0.00290056
-1.1   -1   100   500   0.992834   0.00504818   0.00504818
-1   -0.9   -34.5455   10   0   0   0
-1   -0.9   10   19   0.214286   0.224214   0.224214
-1   -0.9   19   23   0.0931803   0.00837997   0.00837997
-1   -0.9   23   25   0.516549   0.00834184   0.00834184
-1   -0.9   25   27   0.830629   0.00806679   0.00806679
-1   -0.9   27   30   0.955999   0.00332592   0.00332592
-1   -0.9   30   35   0.982712   0.00179079   0.00179079
-1   -0.9   35   40   0.980292   0.00207168   0.00207168
-1   -0.9   40   45   0.978293   0.00125793   0.00125793
-1   -0.9   45   70   0.980269   0.00187288   0.00187288
-1   -0.9   70   100   0.984601   0.0035703   0.0035703
-1   -0.9   100   500   0.988148   0.00368446   0.00368446
-0.9   -0.8   -34.5455   10   0   0   0
-0.9   -0.8   10   19   0   0   0
-0.9   -0.8   19   23   0.0926539   0.00862143   0.00862143
-0.9   -0.8   23   25   0.555748   0.00883668   0.00883668
-0.9   -0.8   25   27   0.878038   0.00599144   0.00599144
-0.9   -0.8   27   30   0.961643   0.00751447   0.00751447
-0.9   -0.8   30   35   0.977603   0.00249159   0.00249159
-0.9   -0.8   35   40   0.975276   0.00124962   0.00124962
-0.9   -0.8   40   45   0.975071   0.00167677   0.00167677
-0.9   -0.8   45   70   0.97624   0.0013285   0.0013285
-0.9   -0.8   70   100   0.981453   0.00720011   0.00720011
-0.9   -0.8   100   500   0.989028   0.00510635   0.00510635
-0.8   -0.7   -34.5455   10   0   0   0
-0.8   -0.7   10   19   0   0   0
-0.8   -0.7   19   23   0.123989   0.0103247   0.0103247
-0.8   -0.7   23   25   0.615704   0.0120517   0.0120517
-0.8   -0.7   25   27   0.900033   0.00535026   0.00535026
-0.8   -0.7   27   30   0.982176   0.00371704   0.00371704
-0.8   -0.7   30   35   0.993481   0.00251773   0.00251773
-0.8   -0.7   35   40   0.989403   0.00129605   0.00129605
-0.8   -0.7   40   45   0.987831   0.00114612   0.00114612
-0.8   -0.7   45   70   0.991646   0.00125777   0.00125777
-0.8   -0.7   70   100   1.00155   0.00481764   0.00481764
-0.8   -0.7   100   500   1.00217   0.00878893   0.00878893
-0.7   -0.6   -34.5455   10   0   0   0
-0.7   -0.6   10   19   0   0   0
-0.7   -0.6   19   23   0.0895212   0.0119839   0.0119839
-0.7   -0.6   23   25   0.603043   0.00935263   0.00935263
-0.7   -0.6   25   27   0.914053   0.00670975   0.00670975
-0.7   -0.6   27   30   0.990794   0.00306965   0.00306965
-0.7   -0.6   30   35   1.00022   0.00274881   0.00274881
-0.7   -0.6   35   40   0.994627   0.00305824   0.00305824
-0.7   -0.6   40   45   0.990871   0.00156139   0.00156139
-0.7   -0.6   45   70   0.994351   0.00122053   0.00122053
-0.7   -0.6   70   100   1.00062   0.00269371   0.00269371
-0.7   -0.6   100   500   1.00217   0.0039852   0.0039852
-0.6   -0.5   -34.5455   10   0   0   0
-0.6   -0.5   10   19   0   0   0
-0.6   -0.5   19   23   0.0864575   0.00865778   0.00865778
-0.6   -0.5   23   25   0.594685   0.011329   0.011329
-0.6   -0.5   25   27   0.89713   0.00503785   0.00503785
-0.6   -0.5   27   30   0.97936   0.00346056   0.00346056
-0.6   -0.5   30   35   0.992924   0.00145297   0.00145297
-0.6   -0.5   35   40   0.988727   0.00121824   0.00121824
-0.6   -0.5   40   45   0.985702   0.00113639   0.00113639
-0.6   -0.5   45   70   0.990273   0.00131047   0.00131047
-0.6   -0.5   70   100   0.99493   0.00506325   0.00506325
-0.6   -0.5   100   500   0.998142   0.00727818   0.00727818
-0.5   -0.4   -34.5455   10   0   0   0
-0.5   -0.4   10   19   0.666667   0.866062   0.866062
-0.5   -0.4   19   23   0.112482   0.00956747   0.00956747
-0.5   -0.4   23   25   0.595537   0.00862081   0.00862081
-0.5   -0.4   25   27   0.900241   0.00617301   0.00617301
-0.5   -0.4   27   30   0.97113   0.0027304   0.0027304
-0.5   -0.4   30   35   0.98662   0.00169699   0.00169699
-0.5   -0.4   35   40   0.982705   0.00118268   0.00118268
-0.5   -0.4   40   45   0.981849   0.00109704   0.00109704
-0.5   -0.4   45   70   0.985082   0.000745073   0.000745073
-0.5   -0.4   70   100   0.995346   0.0110592   0.0110592
-0.5   -0.4   100   500   1.00031   0.00766118   0.00766118
-0.4   -0.3   -34.5455   10   0   0   0
-0.4   -0.3   10   19   1.5   1.43614   1.43614
-0.4   -0.3   19   23   0.0751938   0.00780142   0.00780142
-0.4   -0.3   23   25   0.629108   0.00763266   0.00763266
-0.4   -0.3   25   27   0.915584   0.00462322   0.00462322
-0.4   -0.3   27   30   0.966764   0.00358695   0.00358695
-0.4   -0.3   30   35   0.978327   0.00265068   0.00265068
-0.4   -0.3   35   40   0.978014   0.00259441   0.00259441
-0.4   -0.3   40   45   0.976573   0.000970581   0.000970581
-0.4   -0.3   45   70   0.981281   0.000961807   0.000961807
-0.4   -0.3   70   100   0.985528   0.00764475   0.00764475
-0.4   -0.3   100   500   0.9915   0.00529212   0.00529212
-0.3   -0.2   -34.5455   10   0   0   0
-0.3   -0.2   10   19   0.5   0.737159   0.737159
-0.3   -0.2   19   23   0.0714829   0.0102646   0.0102646
-0.3   -0.2   23   25   0.616843   0.00732341   0.00732341
-0.3   -0.2   25   27   0.910382   0.00449938   0.00449938
-0.3   -0.2   27   30   0.956617   0.00411784   0.00411784
-0.3   -0.2   30   35   0.96974   0.00311237   0.00311237
-0.3   -0.2   35   40   0.974116   0.00113839   0.00113839
-0.3   -0.2   40   45   0.975174   0.00193706   0.00193706
-0.3   -0.2   45   70   0.982102   0.00115773   0.00115773
-0.3   -0.2   70   100   0.989841   0.00308424   0.00308424
-0.3   -0.2   100   500   0.987943   0.00686768   0.00686768
-0.2   -0.1   -34.5455   10   0   0   0
-0.2   -0.1   10   19   0.5   0.583333   0.583333
-0.2   -0.1   19   23   0.0874459   0.0102439   0.0102439
-0.2   -0.1   23   25   0.614903   0.00967184   0.00967184
-0.2   -0.1   25   27   0.922657   0.0059793   0.0059793
-0.2   -0.1   27   30   0.957491   0.00299238   0.00299238
-0.2   -0.1   30   35   0.969952   0.00544775   0.00544775
-0.2   -0.1   35   40   0.97718   0.00190589   0.00190589
-0.2   -0.1   40   45   0.974844   0.000859061   0.000859061
-0.2   -0.1   45   70   0.984019   0.000763556   0.000763556
-0.2   -0.1   70   100   0.996079   0.00364028   0.00364028
-0.2   -0.1   100   500   0.99558   0.00487511   0.00487511
-0.1   0   -34.5455   10   0   0   0
-0.1   0   10   19   0.666667   0.777778   0.777778
-0.1   0   19   23   0.100465   0.0124917   0.0124917
-0.1   0   23   25   0.605459   0.0105584   0.0105584
-0.1   0   25   27   0.890565   0.00549726   0.00549726
-0.1   0   27   30   0.955338   0.00455715   0.00455715
-0.1   0   30   35   0.965578   0.002373   0.002373
-0.1   0   35   40   0.972929   0.00153355   0.00153355
-0.1   0   40   45   0.973302   0.000950131   0.000950131
-0.1   0   45   70   0.981772   0.000959837   0.000959837
-0.1   0   70   100   0.994495   0.00337078   0.00337078
-0.1   0   100   500   1.00155   0.004294   0.004294
0   0.1   -34.5455   10   0   0   0
0   0.1   10   19   0.25   0.270833   0.270833
0   0.1   19   23   0.0945946   0.00960413   0.00960413
0   0.1   23   25   0.63874   0.0144014   0.0144014
0   0.1   25   27   0.908936   0.00646499   0.00646499
0   0.1   27   30   0.951767   0.00493972   0.00493972
0   0.1   30   35   0.967717   0.00193494   0.00193494
0   0.1   35   40   0.972782   0.00124644   0.00124644
0   0.1   40   45   0.974002   0.000986508   0.000986508
0   0.1   45   70   0.982571   0.000929919   0.000929919
0   0.1   70   100   0.991555   0.00769991   0.00769991
0   0.1   100   500   1.00031   0.00491804   0.00491804
0.1   0.2   -34.5455   10   0   0   0
0.1   0.2   10   19   2   3.28295   3.28295
0.1   0.2   19   23   0.0708104   0.00806514   0.00806514
0.1   0.2   23   25   0.66402   0.00851243   0.00851243
0.1   0.2   25   27   0.919285   0.00645746   0.00645746
0.1   0.2   27   30   0.947712   0.00469927   0.00469927
0.1   0.2   30   35   0.961991   0.00203097   0.00203097
0.1   0.2   35   40   0.966282   0.00144443   0.00144443
0.1   0.2   40   45   0.970641   0.00153494   0.00153494
0.1   0.2   45   70   0.975648   0.00100843   0.00100843
0.1   0.2   70   100   0.995008   0.00638849   0.00638849
0.1   0.2   100   500   0.9877   0.00411122   0.00411122
0.2   0.3   -34.5455   10   0   0   0
0.2   0.3   10   19   2   1.64148   1.64148
0.2   0.3   19   23   0.0909804   0.00825549   0.00825549
0.2   0.3   23   25   0.662099   0.0110575   0.0110575
0.2   0.3   25   27   0.921238   0.00460682   0.00460682
0.2   0.3   27   30   0.959925   0.003457   0.003457
0.2   0.3   30   35   0.96976   0.00252108   0.00252108
0.2   0.3   35   40   0.97137   0.00216889   0.00216889
0.2   0.3   40   45   0.972976   0.00167596   0.00167596
0.2   0.3   45   70   0.978525   0.00088349   0.00088349
0.2   0.3   70   100   0.976792   0.00321459   0.00321459
0.2   0.3   100   500   0.982838   0.00426119   0.00426119
0.3   0.4   -34.5455   10   0   0   0
0.3   0.4   10   19   0   0   0
0.3   0.4   19   23   0.0842697   0.0081841   0.0081841
0.3   0.4   23   25   0.658252   0.00803342   0.00803342
0.3   0.4   25   27   0.916446   0.00870887   0.00870887
0.3   0.4   27   30   0.963642   0.00275018   0.00275018
0.3   0.4   30   35   0.975639   0.00275162   0.00275162
0.3   0.4   35   40   0.970472   0.0017669   0.0017669
0.3   0.4   40   45   0.972152   0.000874672   0.000874672
0.3   0.4   45   70   0.974563   0.00128706   0.00128706
0.3   0.4   70   100   0.97933   0.00350897   0.00350897
0.3   0.4   100   500   0.982295   0.00410238   0.00410238
0.4   0.5   -34.5455   10   0   0   0
0.4   0.5   10   19   0.666667   0.702728   0.702728
0.4   0.5   19   23   0.132386   0.0100256   0.0100256
0.4   0.5   23   25   0.645368   0.0169774   0.0169774
0.4   0.5   25   27   0.915644   0.00461623   0.00461623
0.4   0.5   27   30   0.973871   0.00321531   0.00321531
0.4   0.5   30   35   0.982627   0.00309583   0.00309583
0.4   0.5   35   40   0.97767   0.00151786   0.00151786
0.4   0.5   40   45   0.976564   0.00134315   0.00134315
0.4   0.5   45   70   0.979258   0.00100997   0.00100997
0.4   0.5   70   100   0.984173   0.00348614   0.00348614
0.4   0.5   100   500   0.986047   0.00519657   0.00519657
0.5   0.6   -34.5455   10   0   0   0
0.5   0.6   10   19   0   0   0
0.5   0.6   19   23   0.0869565   0.00849456   0.00849456
0.5   0.6   23   25   0.625   0.00792506   0.00792506
0.5   0.6   25   27   0.916004   0.00644314   0.00644314
0.5   0.6   27   30   0.981147   0.00337852   0.00337852
0.5   0.6   30   35   0.987886   0.00166799   0.00166799
0.5   0.6   35   40   0.981047   0.00139897   0.00139897
0.5   0.6   40   45   0.979138   0.00226071   0.00226071
0.5   0.6   45   70   0.984037   0.0017212   0.0017212
0.5   0.6   70   100   0.991271   0.00444965   0.00444965
0.5   0.6   100   500   0.995244   0.00613391   0.00613391
0.6   0.7   -34.5455   10   0   0   0
0.6   0.7   10   19   0   0   0
0.6   0.7   19   23   0.0773519   0.00879541   0.00879541
0.6   0.7   23   25   0.651431   0.0156577   0.0156577
0.6   0.7   25   27   0.924908   0.009511   0.009511
0.6   0.7   27   30   0.98154   0.00410765   0.00410765
0.6   0.7   30   35   0.991023   0.0024895   0.0024895
0.6   0.7   35   40   0.984698   0.00135   0.00135
0.6   0.7   40   45   0.98072   0.00123355   0.00123355
0.6   0.7   45   70   0.985086   0.000891249   0.000891249
0.6   0.7   70   100   0.986542   0.00376575   0.00376575
0.6   0.7   100   500   0.990142   0.00712918   0.00712918
0.7   0.8   -34.5455   10   0   0   0
0.7   0.8   10   19   0.166667   0.244444   0.244444
0.7   0.8   19   23   0.110821   0.0107306   0.0107306
0.7   0.8   23   25   0.619931   0.00909166   0.00909166
0.7   0.8   25   27   0.896533   0.00653093   0.00653093
0.7   0.8   27   30   0.965232   0.00606556   0.00606556
0.7   0.8   30   35   0.986216   0.00482479   0.00482479
0.7   0.8   35   40   0.980185   0.0014714   0.0014714
0.7   0.8   40   45   0.975548   0.00211594   0.00211594
0.7   0.8   45   70   0.980168   0.00102351   0.00102351
0.7   0.8   70   100   0.991473   0.00522137   0.00522137
0.7   0.8   100   500   0.990863   0.0169251   0.0169251
0.8   0.9   -34.5455   10   0   0   0
0.8   0.9   10   19   0.5   0.650854   0.650854
0.8   0.9   19   23   0.0892495   0.00845186   0.00845186
0.8   0.9   23   25   0.5354   0.00845053   0.00845053
0.8   0.9   25   27   0.857111   0.00562916   0.00562916
0.8   0.9   27   30   0.960127   0.00648387   0.00648387
0.8   0.9   30   35   0.982494   0.0023822   0.0023822
0.8   0.9   35   40   0.977823   0.00173355   0.00173355
0.8   0.9   40   45   0.97644   0.000871682   0.000871682
0.8   0.9   45   70   0.978416   0.00135405   0.00135405
0.8   0.9   70   100   0.983192   0.00409905   0.00409905
0.8   0.9   100   500   0.97307   0.00550423   0.00550423
0.9   1   -34.5455   10   0   0   0
0.9   1   10   19   0.5   0.612372   0.612372
0.9   1   19   23   0.0901163   0.0106034   0.0106034
0.9   1   23   25   0.501879   0.0102432   0.0102432
0.9   1   25   27   0.823968   0.00746641   0.00746641
0.9   1   27   30   0.954555   0.00316011   0.00316011
0.9   1   30   35   0.984893   0.00347722   0.00347722
0.9   1   35   40   0.982021   0.00115285   0.00115285
0.9   1   40   45   0.982501   0.00205342   0.00205342
0.9   1   45   70   0.984672   0.000898514   0.000898514
0.9   1   70   100   0.983605   0.00478085   0.00478085
0.9   1   100   500   0.985105   0.00454181   0.00454181
1   1.1   -34.5455   10   0   0   0
1   1.1   10   19   0.2   0.322766   0.322766
1   1.1   19   23   0.0785714   0.00845771   0.00845771
1   1.1   23   25   0.459278   0.0114001   0.0114001
1   1.1   25   27   0.772543   0.00572473   0.00572473
1   1.1   27   30   0.944493   0.00333446   0.00333446
1   1.1   30   35   0.984407   0.00180521   0.00180521
1   1.1   35   40   0.984204   0.00285998   0.00285998
1   1.1   40   45   0.983035   0.00121089   0.00121089
1   1.1   45   70   0.984342   0.001498   0.001498
1   1.1   70   100   0.982337   0.00494116   0.00494116
1   1.1   100   500   0.99018   0.005923   0.005923
1.1   1.2   -34.5455   10   0   0   0
1.1   1.2   10   19   0   0   0
1.1   1.2   19   23   0.0686755   0.0078447   0.0078447
1.1   1.2   23   25   0.300174   0.0082307   0.0082307
1.1   1.2   25   27   0.614675   0.00705124   0.00705124
1.1   1.2   27   30   0.863239   0.00491503   0.00491503
1.1   1.2   30   35   0.985173   0.0024843   0.0024843
1.1   1.2   35   40   0.992408   0.00337357   0.00337357
1.1   1.2   40   45   0.9898   0.00157047   0.00157047
1.1   1.2   45   70   0.992445   0.00121054   0.00121054
1.1   1.2   70   100   0.985065   0.0102633   0.0102633
1.1   1.2   100   500   0.988606   0.0054774   0.0054774
1.2   1.3   -34.5455   10   0   0   0
1.2   1.3   10   19   0.5   0.448764   0.448764
1.2   1.3   19   23   0.0626866   0.00760013   0.00760013
1.2   1.3   23   25   0.285445   0.00920355   0.00920355
1.2   1.3   25   27   0.580034   0.0117587   0.0117587
1.2   1.3   27   30   0.857968   0.00548333   0.00548333
1.2   1.3   30   35   0.97037   0.00257418   0.00257418
1.2   1.3   35   40   0.987585   0.00186395   0.00186395
1.2   1.3   40   45   0.984309   0.00136466   0.00136466
1.2   1.3   45   70   0.986697   0.0016578   0.0016578
1.2   1.3   70   100   0.994265   0.0126256   0.0126256
1.2   1.3   100   500   0.999162   0.00575378   0.00575378
1.3   1.4   -34.5455   10   0   0   0
1.3   1.4   10   19   0.5   0.488763   0.488763
1.3   1.4   19   23   0.0759162   0.00823178   0.00823178
1.3   1.4   23   25   0.337159   0.0110944   0.0110944
1.3   1.4   25   27   0.632399   0.00824379   0.00824379
1.3   1.4   27   30   0.858196   0.00545216   0.00545216
1.3   1.4   30   35   0.969979   0.00242793   0.00242793
1.3   1.4   35   40   0.985962   0.00411948   0.00411948
1.3   1.4   40   45   0.985657   0.00144699   0.00144699
1.3   1.4   45   70   0.989335   0.00116202   0.00116202
1.3   1.4   70   100   0.987997   0.00522357   0.00522357
1.3   1.4   100   500   1.00251   0.0085619   0.0085619
1.4   1.5   -34.5455   10   0   0   0
1.4   1.5   10   19   0.190476   0.240844   0.240844
1.4   1.5   19   23   0.083295   0.00897044   0.00897044
1.4   1.5   23   25   0.369347   0.0153269   0.0153269
1.4   1.5   25   27   0.661594   0.00910118   0.00910118
1.4   1.5   27   30   0.870909   0.00638954   0.00638954
1.4   1.5   30   35   0.973119   0.00253065   0.00253065
1.4   1.5   35   40   0.989197   0.00152192   0.00152192
1.4   1.5   40   45   0.976887   0.001272   0.001272
1.4   1.5   45   70   0.981789   0.00271143   0.00271143
1.4   1.5   70   100   0.997703   0.0117633   0.0117633
1.4   1.5   100   500   0.964016   0.0334623   0.0334623
1.5   1.6   -34.5455   10   0   0   0
1.5   1.6   10   19   0.548023   0.0949132   0.0949132
1.5   1.6   19   23   0.504348   0.0259948   0.0259948
1.5   1.6   23   25   0.529681   0.0150016   0.0150016
1.5   1.6   25   27   0.713977   0.0094303   0.0094303
1.5   1.6   27   30   0.871455   0.00515009   0.00515009
1.5   1.6   30   35   0.964463   0.00604926   0.00604926
1.5   1.6   35   40   0.986291   0.0023123   0.0023123
1.5   1.6   40   45   0.989159   0.00133762   0.00133762
1.5   1.6   45   70   0.992869   0.00113729   0.00113729
1.5   1.6   70   100   1   0.0122375   0.0122375
1.5   1.6   100   500   0.98668   0.00659972   0.00659972
1.6   1.7   -34.5455   10   0   0   0
1.6   1.7   10   19   0.0714286   0.120122   0.120122
1.6   1.7   19   23   0.137303   0.0155344   0.0155344
1.6   1.7   23   25   0.390474   0.016437   0.016437
1.6   1.7   25   27   0.613267   0.0092732   0.0092732
1.6   1.7   27   30   0.809559   0.00385756   0.00385756
1.6   1.7   30   35   0.936308   0.00234702   0.00234702
1.6   1.7   35   40   0.977188   0.00208832   0.00208832
1.6   1.7   40   45   0.98608   0.000828505   0.000828505
1.6   1.7   45   70   0.992381   0.00109768   0.00109768
1.6   1.7   70   100   1.00102   0.0046271   0.0046271
1.6   1.7   100   500   0.996321   0.00516945   0.00516945
1.7   1.8   -34.5455   10   0   0   0
1.7   1.8   10   19   0   0   0
1.7   1.8   19   23   0.0895522   0.0163567   0.0163567
1.7   1.8   23   25   0.350464   0.012765   0.012765
1.7   1.8   25   27   0.561089   0.00929701   0.00929701
1.7   1.8   27   30   0.769329   0.00450439   0.00450439
1.7   1.8   30   35   0.926026   0.00244483   0.00244483
1.7   1.8   35   40   0.969918   0.0017212   0.0017212
1.7   1.8   40   45   0.985359   0.00113936   0.00113936
1.7   1.8   45   70   0.991499   0.00117913   0.00117913
1.7   1.8   70   100   0.996131   0.0041858   0.0041858
1.7   1.8   100   500   0.987907   0.00472946   0.00472946
1.8   1.9   -34.5455   10   0   0   0
1.8   1.9   10   19   1   1.5052   1.5052
1.8   1.9   19   23   0.122977   0.0166257   0.0166257
1.8   1.9   23   25   0.276407   0.0123608   0.0123608
1.8   1.9   25   27   0.504486   0.0103412   0.0103412
1.8   1.9   27   30   0.730447   0.00498081   0.00498081
1.8   1.9   30   35   0.892116   0.00241755   0.00241755
1.8   1.9   35   40   0.946489   0.00205319   0.00205319
1.8   1.9   40   45   0.965859   0.0013357   0.0013357
1.8   1.9   45   70   0.979322   0.00102775   0.00102775
1.8   1.9   70   100   0.982542   0.00487724   0.00487724
1.8   1.9   100   500   0.981637   0.00557138   0.00557138
1.9   2   -34.5455   10   0   0   0
1.9   2   10   19   0.5   0.901388   0.901388
1.9   2   19   23   0.0881459   0.0217954   0.0217954
1.9   2   23   25   0.359082   0.0130343   0.0130343
1.9   2   25   27   0.614091   0.00952571   0.00952571
1.9   2   27   30   0.790967   0.00489463   0.00489463
1.9   2   30   35   0.902507   0.00205708   0.00205708
1.9   2   35   40   0.951858   0.00135833   0.00135833
1.9   2   40   45   0.970869   0.00103553   0.00103553
1.9   2   45   70   0.977925   0.00106801   0.00106801
1.9   2   70   100   0.980303   0.00504698   0.00504698
1.9   2   100   500   0.991651   0.00560401   0.00560401
2   2.1   -34.5455   10   0   0   0
2   2.1   10   19   0.75   0.920682   0.920682
2   2.1   19   23   0.0641822   0.0154203   0.0154203
2   2.1   23   25   0.398896   0.0206229   0.0206229
2   2.1   25   27   0.711515   0.0121022   0.0121022
2   2.1   27   30   0.850064   0.00609028   0.00609028
2   2.1   30   35   0.91952   0.00205778   0.00205778
2   2.1   35   40   0.957607   0.0018744   0.0018744
2   2.1   40   45   0.972465   0.00106428   0.00106428
2   2.1   45   70   0.981988   0.000989141   0.000989141
2   2.1   70   100   0.983778   0.0051812   0.0051812
2   2.1   100   500   0.989912   0.00525521   0.00525521
2.1   2.2   -34.5455   10   0   0   0
2.1   2.2   10   19   0   0   0
2.1   2.2   19   23   0.0805259   0.0115138   0.0115138
2.1   2.2   23   25   0.448391   0.0137238   0.0137238
2.1   2.2   25   27   0.681226   0.0106265   0.0106265
2.1   2.2   27   30   0.789542   0.00644716   0.00644716
2.1   2.2   30   35   0.872651   0.00293131   0.00293131
2.1   2.2   35   40   0.925156   0.0019873   0.0019873
2.1   2.2   40   45   0.946554   0.00278242   0.00278242
2.1   2.2   45   70   0.967071   0.00179369   0.00179369
2.1   2.2   70   100   0.979266   0.00621898   0.00621898
2.1   2.2   100   500   0.967755   0.0101582   0.0101582
2.2   2.3   -34.5455   10   0   0   0
2.2   2.3   10   19   0.0638298   0.0459815   0.0459815
2.2   2.3   19   23   0.0625896   0.00783862   0.00783862
2.2   2.3   23   25   0.381064   0.0227242   0.0227242
2.2   2.3   25   27   0.616867   0.0106938   0.0106938
2.2   2.3   27   30   0.747456   0.00835079   0.00835079
2.2   2.3   30   35   0.837713   0.00312386   0.00312386
2.2   2.3   35   40   0.899979   0.00215855   0.00215855
2.2   2.3   40   45   0.928225   0.00168427   0.00168427
2.2   2.3   45   70   0.951633   0.00144168   0.00144168
2.2   2.3   70   100   0.969958   0.00716611   0.00716611
2.2   2.3   100   500   0.967745   0.00956905   0.00956905
2.3   2.4   -34.5455   10   0   0   0
2.3   2.4   10   19   0   0   0
2.3   2.4   19   23   0.0811275   0.00762437   0.00762437
2.3   2.4   23   25   0.321602   0.0121038   0.0121038
2.3   2.4   25   27   0.55216   0.019475   0.019475
2.3   2.4   27   30   0.676866   0.00919524   0.00919524
2.3   2.4   30   35   0.786569   0.00481426   0.00481426
2.3   2.4   35   40   0.882328   0.00477859   0.00477859
2.3   2.4   40   45   0.936281   0.00262802   0.00262802
2.3   2.4   45   70   0.957698   0.00194898   0.00194898
2.3   2.4   70   100   0.981379   0.00795557   0.00795557
2.3   2.4   100   500   0.964969   0.0128961   0.0128961
2.4   2.5   -34.5455   10   0   0   0
2.4   2.5   10   19   0.0195531   0.00751586   0.00751586
2.4   2.5   19   23   0.346154   0.024966   0.024966
2.4   2.5   23   25   0.776166   0.0505653   0.0505653
2.4   2.5   25   27   0.987224   0.0214411   0.0214411
2.4   2.5   27   30   0.952909   0.0175402   0.0175402
2.4   2.5   30   35   0.866694   0.00639974   0.00639974
2.4   2.5   35   40   0.820619   0.00752964   0.00752964
2.4   2.5   40   45   0.821946   0.00406559   0.00406559
2.4   2.5   45   70   0.860808   0.00333524   0.00333524
2.4   2.5   70   100   0.961058   0.0116623   0.0116623
2.4   2.5   100   500   0.987845   0.0166311   0.0166311
