-2.6   -2.5   -30.8333   10   0   0   0
-2.6   -2.5   10   12   0   0   0
-2.6   -2.5   12   15   0   0   0
-2.6   -2.5   15   18   0   0   0
-2.6   -2.5   18   20   0   0   0
-2.6   -2.5   20   25   0   0   0
-2.6   -2.5   25   30   0   0   0
-2.6   -2.5   30   35   0   0   0
-2.6   -2.5   35   40   0   0   0
-2.6   -2.5   40   45   0   0   0
-2.6   -2.5   45   70   0   0   0
-2.6   -2.5   70   100   0   0   0
-2.6   -2.5   100   500   0   0   0
-2.5   -2.4   -30.8333   10   0   0   0
-2.5   -2.4   10   12   0.80593   0.230521   0.230521
-2.5   -2.4   12   15   0.980595   0.0807805   0.0807805
-2.5   -2.4   15   18   1.14197   0.0200658   0.0200658
-2.5   -2.4   18   20   1.12921   0.0661887   0.0661887
-2.5   -2.4   20   25   1.08885   0.01128   0.01128
-2.5   -2.4   25   30   1.05131   0.00644451   0.00644451
-2.5   -2.4   30   35   1.04793   0.00874691   0.00874691
-2.5   -2.4   35   40   1.04218   0.00267604   0.00267604
-2.5   -2.4   40   45   1.0285   0.00274955   0.00274955
-2.5   -2.4   45   70   1.01691   0.00269743   0.00269743
-2.5   -2.4   70   100   0.996384   0.0119734   0.0119734
-2.5   -2.4   100   500   1.0031   0.00758238   0.00758238
-2.4   -2.3   -30.8333   10   0   0   0
-2.4   -2.3   10   12   0.88   2.35315   2.35315
-2.4   -2.3   12   15   0.943057   0.041305   0.041305
-2.4   -2.3   15   18   1.08073   0.0178563   0.0178563
-2.4   -2.3   18   20   1.08442   0.0144909   0.0144909
-2.4   -2.3   20   25   1.06647   0.0200544   0.0200544
-2.4   -2.3   25   30   1.0364   0.00540974   0.00540974
-2.4   -2.3   30   35   1.01758   0.00184351   0.00184351
-2.4   -2.3   35   40   1.00924   0.00139232   0.00139232
-2.4   -2.3   40   45   1.00484   0.000918207   0.000918207
-2.4   -2.3   45   70   1.00072   0.00135353   0.00135353
-2.4   -2.3   70   100   1.00303   0.00270902   0.00270902
-2.4   -2.3   100   500   0.998087   0.00470678   0.00470678
-2.3   -2.2   -30.8333   10   0   0   0
-2.3   -2.2   10   12   0.195238   0.0790947   0.0790947
-2.3   -2.2   12   15   0.93097   0.0355201   0.0355201
-2.3   -2.2   15   18   1.0381   0.0105831   0.0105831
-2.3   -2.2   18   20   1.03962   0.00944491   0.00944491
-2.3   -2.2   20   25   1.02128   0.003534   0.003534
-2.3   -2.2   25   30   1.0066   0.00497583   0.00497583
-2.3   -2.2   30   35   0.996261   0.0037199   0.0037199
-2.3   -2.2   35   40   0.995056   0.00265302   0.00265302
-2.3   -2.2   40   45   0.993839   0.00144752   0.00144752
-2.3   -2.2   45   70   0.991337   0.000753311   0.000753311
-2.3   -2.2   70   100   0.996467   0.00335278   0.00335278
-2.3   -2.2   100   500   0.991252   0.0043128   0.0043128
-2.2   -2.1   -30.8333   10   0   0   0
-2.2   -2.1   10   12   0.292735   0.111424   0.111424
-2.2   -2.1   12   15   0.933199   0.0485011   0.0485011
-2.2   -2.1   15   18   0.995405   0.0206131   0.0206131
-2.2   -2.1   18   20   1.01597   0.00703195   0.00703195
-2.2   -2.1   20   25   1.01064   0.00432875   0.00432875
-2.2   -2.1   25   30   1.00411   0.00269814   0.00269814
-2.2   -2.1   30   35   0.997825   0.00178083   0.00178083
-2.2   -2.1   35   40   0.998867   0.000932085   0.000932085
-2.2   -2.1   40   45   0.997744   0.00138342   0.00138342
-2.2   -2.1   45   70   0.997554   0.00168772   0.00168772
-2.2   -2.1   70   100   0.997485   0.00178663   0.00178663
-2.2   -2.1   100   500   0.996382   0.00383669   0.00383669
-2.1   -2   -30.8333   10   0   0   0
-2.1   -2   10   12   0.177267   0.0504605   0.0504605
-2.1   -2   12   15   0.799127   0.0243453   0.0243453
-2.1   -2   15   18   0.978882   0.0145673   0.0145673
-2.1   -2   18   20   1.00499   0.0111428   0.0111428
-2.1   -2   20   25   1.0047   0.00311191   0.00311191
-2.1   -2   25   30   1.00407   0.00154659   0.00154659
-2.1   -2   30   35   1.0001   0.00328887   0.00328887
-2.1   -2   35   40   1.00041   0.000781387   0.000781387
-2.1   -2   40   45   0.998364   0.00213399   0.00213399
-2.1   -2   45   70   0.999288   0.00111881   0.00111881
-2.1   -2   70   100   0.996677   0.00360909   0.00360909
-2.1   -2   100   500   0.999699   0.00446148   0.00446148
-2   -1.9   -30.8333   10   0   0   0
-2   -1.9   10   12   0.146961   0.0416727   0.0416727
-2   -1.9   12   15   0.68591   0.0205825   0.0205825
-2   -1.9   15   18   0.949245   0.022762   0.022762
-2   -1.9   18   20   0.9933   0.00616858   0.00616858
-2   -1.9   20   25   0.998407   0.0038671   0.0038671
-2   -1.9   25   30   0.998543   0.00173025   0.00173025
-2   -1.9   30   35   0.997426   0.00245853   0.00245853
-2   -1.9   35   40   0.998572   0.00214003   0.00214003
-2   -1.9   40   45   0.99888   0.000529044   0.000529044
-2   -1.9   45   70   0.998579   0.000517356   0.000517356
-2   -1.9   70   100   0.996068   0.00224662   0.00224662
-2   -1.9   100   500   0.998496   0.00208273   0.00208273
-1.9   -1.8   -30.8333   10   0   0   0
-1.9   -1.8   10   12   0.137358   0.052539   0.052539
-1.9   -1.8   12   15   0.667886   0.0165482   0.0165482
-1.9   -1.8   15   18   0.909153   0.0128567   0.0128567
-1.9   -1.8   18   20   0.976941   0.0077874   0.0077874
-1.9   -1.8   20   25   0.993345   0.00233577   0.00233577
-1.9   -1.8   25   30   0.998342   0.00238552   0.00238552
-1.9   -1.8   30   35   0.999383   0.000913675   0.000913675
-1.9   -1.8   35   40   0.997752   0.000934646   0.000934646
-1.9   -1.8   40   45   0.996449   0.000693981   0.000693981
-1.9   -1.8   45   70   0.998076   0.000474498   0.000474498
-1.9   -1.8   70   100   0.997989   0.00312644   0.00312644
-1.9   -1.8   100   500   0.998392   0.00284561   0.00284561
-1.8   -1.7   -30.8333   10   0   0   0
-1.8   -1.7   10   12   0.159643   0.0501788   0.0501788
-1.8   -1.7   12   15   0.580178   0.0165999   0.0165999
-1.8   -1.7   15   18   0.872472   0.0170054   0.0170054
-1.8   -1.7   18   20   0.956493   0.00857434   0.00857434
-1.8   -1.7   20   25   0.983119   0.00244183   0.00244183
-1.8   -1.7   25   30   0.992809   0.00179075   0.00179075
-1.8   -1.7   30   35   0.992445   0.00103218   0.00103218
-1.8   -1.7   35   40   0.993723   0.00117338   0.00117338
-1.8   -1.7   40   45   0.992151   0.000650708   0.000650708
-1.8   -1.7   45   70   0.995932   0.0013159   0.0013159
-1.8   -1.7   70   100   0.996765   0.00296378   0.00296378
-1.8   -1.7   100   500   0.992042   0.00289113   0.00289113
-1.7   -1.6   -30.8333   10   0   0   0
-1.7   -1.6   10   12   0.221777   0.077857   0.077857
-1.7   -1.6   12   15   0.596193   0.0169041   0.0169041
-1.7   -1.6   15   18   0.85619   0.00837831   0.00837831
-1.7   -1.6   18   20   0.960427   0.00944709   0.00944709
-1.7   -1.6   20   25   0.980264   0.00336846   0.00336846
-1.7   -1.6   25   30   0.985054   0.00248385   0.00248385
-1.7   -1.6   30   35   0.986696   0.00270822   0.00270822
-1.7   -1.6   35   40   0.987431   0.00110664   0.00110664
-1.7   -1.6   40   45   0.989903   0.00139595   0.00139595
-1.7   -1.6   45   70   0.991697   0.00196399   0.00196399
-1.7   -1.6   70   100   0.991131   0.00624598   0.00624598
-1.7   -1.6   100   500   0.988959   0.00318732   0.00318732
-1.6   -1.5   -30.8333   10   0   0   0
-1.6   -1.5   10   12   0.271037   0.112798   0.112798
-1.6   -1.5   12   15   0.515325   0.0225238   0.0225238
-1.6   -1.5   15   18   0.817134   0.0120859   0.0120859
-1.6   -1.5   18   20   0.937819   0.0279593   0.0279593
-1.6   -1.5   20   25   0.975732   0.00949575   0.00949575
-1.6   -1.5   25   30   0.976105   0.00664913   0.00664913
-1.6   -1.5   30   35   0.977682   0.00168362   0.00168362
-1.6   -1.5   35   40   0.977584   0.00136527   0.00136527
-1.6   -1.5   40   45   0.980526   0.00155388   0.00155388
-1.6   -1.5   45   70   0.984487   0.000942943   0.000942943
-1.6   -1.5   70   100   0.978569   0.00415687   0.00415687
-1.6   -1.5   100   500   0.98629   0.00567169   0.00567169
-1.5   -1.4   -30.8333   10   0   0   0
-1.5   -1.4   10   12   0.0733411   0.0425449   0.0425449
-1.5   -1.4   12   15   0.461372   0.0247161   0.0247161
-1.5   -1.4   15   18   0.84261   0.0118733   0.0118733
-1.5   -1.4   18   20   0.965038   0.0132965   0.0132965
-1.5   -1.4   20   25   0.989373   0.00361616   0.00361616
-1.5   -1.4   25   30   0.990483   0.00383104   0.00383104
-1.5   -1.4   30   35   0.98315   0.00159365   0.00159365
-1.5   -1.4   35   40   0.990007   0.00118125   0.00118125
-1.5   -1.4   40   45   0.995843   0.000975269   0.000975269
-1.5   -1.4   45   70   0.987053   0.000859496   0.000859496
-1.5   -1.4   70   100   0.995347   0.00421966   0.00421966
-1.5   -1.4   100   500   0.993068   0.00718852   0.00718852
-1.4   -1.3   -30.8333   10   0   0   0
-1.4   -1.3   10   12   0.209476   0.111582   0.111582
-1.4   -1.3   12   15   0.572174   0.0491764   0.0491764
-1.4   -1.3   15   18   0.866753   0.00904868   0.00904868
-1.4   -1.3   18   20   0.96791   0.00961872   0.00961872
-1.4   -1.3   20   25   0.989045   0.00834506   0.00834506
-1.4   -1.3   25   30   0.997614   0.00618524   0.00618524
-1.4   -1.3   30   35   0.990679   0.00227608   0.00227608
-1.4   -1.3   35   40   0.98951   0.0020015   0.0020015
-1.4   -1.3   40   45   0.988983   0.00139808   0.00139808
-1.4   -1.3   45   70   0.99201   0.000888161   0.000888161
-1.4   -1.3   70   100   0.993388   0.00683175   0.00683175
-1.4   -1.3   100   500   0.985135   0.00584562   0.00584562
-1.3   -1.2   -30.8333   10   0   0   0
-1.3   -1.2   10   12   0.414216   0.245061   0.245061
-1.3   -1.2   12   15   0.657604   0.0325143   0.0325143
-1.3   -1.2   15   18   0.905111   0.0134785   0.0134785
-1.3   -1.2   18   20   0.981043   0.00825565   0.00825565
-1.3   -1.2   20   25   0.985719   0.0035212   0.0035212
-1.3   -1.2   25   30   0.987143   0.00207139   0.00207139
-1.3   -1.2   30   35   0.984291   0.00245716   0.00245716
-1.3   -1.2   35   40   0.985102   0.00181333   0.00181333
-1.3   -1.2   40   45   0.985403   0.00101168   0.00101168
-1.3   -1.2   45   70   0.98607   0.000923168   0.000923168
-1.3   -1.2   70   100   0.990328   0.00357717   0.00357717
-1.3   -1.2   100   500   0.985174   0.00690421   0.00690421
-1.2   -1.1   -30.8333   10   0   0   0
-1.2   -1.1   10   12   0.430622   0.187387   0.187387
-1.2   -1.1   12   15   0.713479   0.0302116   0.0302116
-1.2   -1.1   15   18   0.91261   0.00694552   0.00694552
-1.2   -1.1   18   20   0.97692   0.00728899   0.00728899
-1.2   -1.1   20   25   0.991815   0.00663558   0.00663558
-1.2   -1.1   25   30   0.986199   0.00194781   0.00194781
-1.2   -1.1   30   35   0.983547   0.00140257   0.00140257
-1.2   -1.1   35   40   0.987375   0.00234413   0.00234413
-1.2   -1.1   40   45   0.991004   0.00142127   0.00142127
-1.2   -1.1   45   70   0.991213   0.000766469   0.000766469
-1.2   -1.1   70   100   0.989004   0.00391288   0.00391288
-1.2   -1.1   100   500   0.992145   0.00392631   0.00392631
-1.1   -1   -30.8333   10   0   0   0
-1.1   -1   10   12   0.396947   0.150385   0.150385
-1.1   -1   12   15   0.763476   0.0173281   0.0173281
-1.1   -1   15   18   0.946024   0.00929989   0.00929989
-1.1   -1   18   20   0.978133   0.00519346   0.00519346
-1.1   -1   20   25   0.990303   0.0023591   0.0023591
-1.1   -1   25   30   0.989496   0.00309555   0.00309555
-1.1   -1   30   35   0.986203   0.0010411   0.0010411
-1.1   -1   35   40   0.98952   0.000645754   0.000645754
-1.1   -1   40   45   0.991336   0.00058989   0.00058989
-1.1   -1   45   70   0.992967   0.000628153   0.000628153
-1.1   -1   70   100   0.996209   0.00237047   0.00237047
-1.1   -1   100   500   0.999184   0.00503512   0.00503512
-1   -0.9   -30.8333   10   0   0   0
-1   -0.9   10   12   0.501931   0.361922   0.361922
-1   -0.9   12   15   0.803112   0.0197913   0.0197913
-1   -0.9   15   18   0.96048   0.00794892   0.00794892
-1   -0.9   18   20   0.983927   0.00508996   0.00508996
-1   -0.9   20   25   0.981401   0.00245909   0.00245909
-1   -0.9   25   30   0.982637   0.00338517   0.00338517
-1   -0.9   30   35   0.980484   0.0031899   0.0031899
-1   -0.9   35   40   0.983924   0.00221901   0.00221901
-1   -0.9   40   45   0.985934   0.000870208   0.000870208
-1   -0.9   45   70   0.987038   0.00153739   0.00153739
-1   -0.9   70   100   0.987946   0.00464705   0.00464705
-1   -0.9   100   500   0.990854   0.00295671   0.00295671
-0.9   -0.8   -30.8333   10   0   0   0
-0.9   -0.8   10   12   0.505   0.616134   0.616134
-0.9   -0.8   12   15   0.855086   0.0164649   0.0164649
-0.9   -0.8   15   18   0.953481   0.00613768   0.00613768
-0.9   -0.8   18   20   0.976515   0.00467866   0.00467866
-0.9   -0.8   20   25   0.981234   0.00405984   0.00405984
-0.9   -0.8   25   30   0.979594   0.00275767   0.00275767
-0.9   -0.8   30   35   0.977935   0.00104619   0.00104619
-0.9   -0.8   35   40   0.981319   0.00204602   0.00204602
-0.9   -0.8   40   45   0.98231   0.000748461   0.000748461
-0.9   -0.8   45   70   0.983232   0.000903482   0.000903482
-0.9   -0.8   70   100   0.986201   0.00278759   0.00278759
-0.9   -0.8   100   500   0.987096   0.00696477   0.00696477
-0.8   -0.7   -30.8333   10   0   0   0
-0.8   -0.7   10   12   0.163265   0.106134   0.106134
-0.8   -0.7   12   15   0.828953   0.0294547   0.0294547
-0.8   -0.7   15   18   0.979356   0.015817   0.015817
-0.8   -0.7   18   20   0.992067   0.00847522   0.00847522
-0.8   -0.7   20   25   0.989894   0.00248563   0.00248563
-0.8   -0.7   25   30   0.987235   0.0027541   0.0027541
-0.8   -0.7   30   35   0.986573   0.00114398   0.00114398
-0.8   -0.7   35   40   0.989419   0.00152247   0.00152247
-0.8   -0.7   40   45   0.992438   0.000949779   0.000949779
-0.8   -0.7   45   70   0.994128   0.000872174   0.000872174
-0.8   -0.7   70   100   0.997034   0.00651464   0.00651464
-0.8   -0.7   100   500   0.992551   0.00351674   0.00351674
-0.7   -0.6   -30.8333   10   0   0   0
-0.7   -0.6   10   12   0.671569   1.12819   1.12819
-0.7   -0.6   12   15   0.890468   0.014716   0.014716
-0.7   -0.6   15   18   0.976877   0.0115156   0.0115156
-0.7   -0.6   18   20   0.99534   0.0134506   0.0134506
-0.7   -0.6   20   25   0.998509   0.00245098   0.00245098
-0.7   -0.6   25   30   0.991822   0.00245591   0.00245591
-0.7   -0.6   30   35   0.990849   0.00187452   0.00187452
-0.7   -0.6   35   40   0.995304   0.000998928   0.000998928
-0.7   -0.6   40   45   0.997504   0.00056912   0.00056912
-0.7   -0.6   45   70   0.99938   0.00122654   0.00122654
-0.7   -0.6   70   100   0.997642   0.002472   0.002472
-0.7   -0.6   100   500   0.999079   0.00271494   0.00271494
-0.6   -0.5   -30.8333   10   0   0   0
-0.6   -0.5   10   12   0.449704   0.195008   0.195008
-0.6   -0.5   12   15   0.845897   0.02109   0.02109
-0.6   -0.5   15   18   0.975734   0.0117154   0.0117154
-0.6   -0.5   18   20   0.989844   0.00895627   0.00895627
-0.6   -0.5   20   25   0.993516   0.00398746   0.00398746
-0.6   -0.5   25   30   0.989931   0.00152241   0.00152241
-0.6   -0.5   30   35   0.988546   0.00103291   0.00103291
-0.6   -0.5   35   40   0.991138   0.00125093   0.00125093
-0.6   -0.5   40   45   0.994488   0.000680516   0.000680516
-0.6   -0.5   45   70   0.997209   0.000565498   0.000565498
-0.6   -0.5   70   100   1.00072   0.00456573   0.00456573
-0.6   -0.5   100   500   0.998874   0.00333458   0.00333458
-0.5   -0.4   -30.8333   10   0   0   0
-0.5   -0.4   10   12   0.417323   0.303897   0.303897
-0.5   -0.4   12   15   0.855466   0.0233529   0.0233529
-0.5   -0.4   15   18   0.963953   0.00510595   0.00510595
-0.5   -0.4   18   20   0.987582   0.00445411   0.00445411
-0.5   -0.4   20   25   0.989883   0.00270201   0.00270201
-0.5   -0.4   25   30   0.983992   0.00177978   0.00177978
-0.5   -0.4   30   35   0.983565   0.00220143   0.00220143
-0.5   -0.4   35   40   0.98594   0.000712297   0.000712297
-0.5   -0.4   40   45   0.990449   0.00224928   0.00224928
-0.5   -0.4   45   70   0.990499   0.00112104   0.00112104
-0.5   -0.4   70   100   0.993543   0.0021221   0.0021221
-0.5   -0.4   100   500   0.992842   0.00719728   0.00719728
-0.4   -0.3   -30.8333   10   0   0   0
-0.4   -0.3   10   12   0.328358   0.376976   0.376976
-0.4   -0.3   12   15   0.843513   0.0143704   0.0143704
-0.4   -0.3   15   18   0.95355   0.00488152   0.00488152
-0.4   -0.3   18   20   0.969054   0.00795541   0.00795541
-0.4   -0.3   20   25   0.983979   0.00221417   0.00221417
-0.4   -0.3   25   30   0.983019   0.00161725   0.00161725
-0.4   -0.3   30   35   0.981765   0.00124448   0.00124448
-0.4   -0.3   35   40   0.987351   0.00166298   0.00166298
-0.4   -0.3   40   45   0.989974   0.00115591   0.00115591
-0.4   -0.3   45   70   0.991653   0.000513357   0.000513357
-0.4   -0.3   70   100   0.989275   0.00252104   0.00252104
-0.4   -0.3   100   500   0.99421   0.008273   0.008273
-0.3   -0.2   -30.8333   10   0   0   0
-0.3   -0.2   10   12   0.1625   0.139525   0.139525
-0.3   -0.2   12   15   0.842442   0.0145096   0.0145096
-0.3   -0.2   15   18   0.963878   0.00510911   0.00510911
-0.3   -0.2   18   20   0.97073   0.00539244   0.00539244
-0.3   -0.2   20   25   0.985598   0.00347425   0.00347425
-0.3   -0.2   25   30   0.981544   0.0020473   0.0020473
-0.3   -0.2   30   35   0.982195   0.00162311   0.00162311
-0.3   -0.2   35   40   0.987799   0.00212767   0.00212767
-0.3   -0.2   40   45   0.990101   0.000880576   0.000880576
-0.3   -0.2   45   70   0.991886   0.000480528   0.000480528
-0.3   -0.2   70   100   0.993886   0.00390417   0.00390417
-0.3   -0.2   100   500   0.994714   0.00683473   0.00683473
-0.2   -0.1   -30.8333   10   0   0   0
-0.2   -0.1   10   12   0.531915   0.588658   0.588658
-0.2   -0.1   12   15   0.895804   0.0153309   0.0153309
-0.2   -0.1   15   18   0.957222   0.00471051   0.00471051
-0.2   -0.1   18   20   0.9839   0.00367849   0.00367849
-0.2   -0.1   20   25   0.989787   0.00221765   0.00221765
-0.2   -0.1   25   30   0.983596   0.00204051   0.00204051
-0.2   -0.1   30   35   0.983829   0.000985321   0.000985321
-0.2   -0.1   35   40   0.990063   0.000936078   0.000936078
-0.2   -0.1   40   45   0.991845   0.00114043   0.00114043
-0.2   -0.1   45   70   0.99342   0.00055209   0.00055209
-0.2   -0.1   70   100   0.996729   0.00489268   0.00489268
-0.2   -0.1   100   500   0.997153   0.0027894   0.0027894
-0.1   0   -30.8333   10   0   0   0
-0.1   0   10   12   0.329341   0.661922   0.661922
-0.1   0   12   15   0.845089   0.0179749   0.0179749
-0.1   0   15   18   0.958061   0.0085136   0.0085136
-0.1   0   18   20   0.984387   0.00807467   0.00807467
-0.1   0   20   25   0.986791   0.00212692   0.00212692
-0.1   0   25   30   0.985363   0.00417621   0.00417621
-0.1   0   30   35   0.983249   0.00125572   0.00125572
-0.1   0   35   40   0.988203   0.0013393   0.0013393
-0.1   0   40   45   0.992502   0.00111436   0.00111436
-0.1   0   45   70   0.993058   0.000976939   0.000976939
-0.1   0   70   100   0.994442   0.00236983   0.00236983
-0.1   0   100   500   0.996619   0.00287211   0.00287211
0   0.1   -30.8333   10   0   0   0
0   0.1   10   12   0.575   0.249605   0.249605
0   0.1   12   15   0.884438   0.017285   0.017285
0   0.1   15   18   0.968377   0.00496995   0.00496995
0   0.1   18   20   0.974918   0.0125708   0.0125708
0   0.1   20   25   0.98869   0.00292463   0.00292463
0   0.1   25   30   0.983931   0.00169154   0.00169154
0   0.1   30   35   0.985303   0.00134667   0.00134667
0   0.1   35   40   0.988885   0.00105102   0.00105102
0   0.1   40   45   0.992164   0.000617025   0.000617025
0   0.1   45   70   0.993754   0.000740976   0.000740976
0   0.1   70   100   0.996174   0.00474429   0.00474429
0   0.1   100   500   0.995363   0.0033642   0.0033642
0.1   0.2   -30.8333   10   0   0   0
0.1   0.2   10   12   0.162651   0.156186   0.156186
0.1   0.2   12   15   0.847155   0.0156464   0.0156464
0.1   0.2   15   18   0.960072   0.00543682   0.00543682
0.1   0.2   18   20   0.973245   0.00899547   0.00899547
0.1   0.2   20   25   0.982625   0.00994404   0.00994404
0.1   0.2   25   30   0.976576   0.00184563   0.00184563
0.1   0.2   30   35   0.977588   0.00126297   0.00126297
0.1   0.2   35   40   0.982277   0.00102098   0.00102098
0.1   0.2   40   45   0.985646   0.00138542   0.00138542
0.1   0.2   45   70   0.986531   0.000677494   0.000677494
0.1   0.2   70   100   0.988374   0.00607072   0.00607072
0.1   0.2   100   500   0.986756   0.0090312   0.0090312
0.2   0.3   -30.8333   10   0   0   0
0.2   0.3   10   12   0.276596   0.22443   0.22443
0.2   0.3   12   15   0.867262   0.0276057   0.0276057
0.2   0.3   15   18   0.958764   0.00457742   0.00457742
0.2   0.3   18   20   0.975998   0.00530886   0.00530886
0.2   0.3   20   25   0.986156   0.00241724   0.00241724
0.2   0.3   25   30   0.976724   0.00438784   0.00438784
0.2   0.3   30   35   0.978052   0.00279791   0.00279791
0.2   0.3   35   40   0.98232   0.000811255   0.000811255
0.2   0.3   40   45   0.985382   0.000624494   0.000624494
0.2   0.3   45   70   0.986266   0.000646803   0.000646803
0.2   0.3   70   100   0.990796   0.00306641   0.00306641
0.2   0.3   100   500   0.988061   0.00473413   0.00473413
0.3   0.4   -30.8333   10   0   0   0
0.3   0.4   10   12   0.410448   0.332689   0.332689
0.3   0.4   12   15   0.840791   0.0155186   0.0155186
0.3   0.4   15   18   0.952546   0.00553427   0.00553427
0.3   0.4   18   20   0.962116   0.00506446   0.00506446
0.3   0.4   20   25   0.981175   0.00242432   0.00242432
0.3   0.4   25   30   0.973738   0.00179124   0.00179124
0.3   0.4   30   35   0.974242   0.00215808   0.00215808
0.3   0.4   35   40   0.978101   0.00097023   0.00097023
0.3   0.4   40   45   0.981217   0.000691068   0.000691068
0.3   0.4   45   70   0.982096   0.00143866   0.00143866
0.3   0.4   70   100   0.985978   0.00302335   0.00302335
0.3   0.4   100   500   0.983969   0.00363139   0.00363139
0.4   0.5   -30.8333   10   0   0   0
0.4   0.5   10   12   0.596026   0.255776   0.255776
0.4   0.5   12   15   0.877437   0.0246004   0.0246004
0.4   0.5   15   18   0.963358   0.00521898   0.00521898
0.4   0.5   18   20   0.978865   0.00484782   0.00484782
0.4   0.5   20   25   0.986529   0.00338938   0.00338938
0.4   0.5   25   30   0.982233   0.00201894   0.00201894
0.4   0.5   30   35   0.981038   0.00303522   0.00303522
0.4   0.5   35   40   0.982628   0.00127793   0.00127793
0.4   0.5   40   45   0.985828   0.00195673   0.00195673
0.4   0.5   45   70   0.988304   0.000641194   0.000641194
0.4   0.5   70   100   0.988195   0.00757106   0.00757106
0.4   0.5   100   500   0.98626   0.00757682   0.00757682
0.5   0.6   -30.8333   10   0   0   0
0.5   0.6   10   12   0.769841   0.554172   0.554172
0.5   0.6   12   15   0.875336   0.0166851   0.0166851
0.5   0.6   15   18   0.978   0.00483744   0.00483744
0.5   0.6   18   20   0.984803   0.00614595   0.00614595
0.5   0.6   20   25   0.991015   0.00284823   0.00284823
0.5   0.6   25   30   0.98772   0.00476015   0.00476015
0.5   0.6   30   35   0.981705   0.00121991   0.00121991
0.5   0.6   35   40   0.985734   0.00104992   0.00104992
0.5   0.6   40   45   0.989639   0.000751158   0.000751158
0.5   0.6   45   70   0.991156   0.00107917   0.00107917
0.5   0.6   70   100   0.99555   0.00310094   0.00310094
0.5   0.6   100   500   0.991671   0.00457593   0.00457593
0.6   0.7   -30.8333   10   0   0   0
0.6   0.7   10   12   0.101064   0.0838512   0.0838512
0.6   0.7   12   15   0.867161   0.0173446   0.0173446
0.6   0.7   15   18   0.968601   0.004648   0.004648
0.6   0.7   18   20   0.982094   0.00589194   0.00589194
0.6   0.7   20   25   0.993078   0.00236666   0.00236666
0.6   0.7   25   30   0.990111   0.00296691   0.00296691
0.6   0.7   30   35   0.98662   0.00112337   0.00112337
0.6   0.7   35   40   0.989233   0.00105956   0.00105956
0.6   0.7   40   45   0.99104   0.000897189   0.000897189
0.6   0.7   45   70   0.991614   0.00118392   0.00118392
0.6   0.7   70   100   0.992812   0.00237256   0.00237256
0.6   0.7   100   500   0.99846   0.00478912   0.00478912
0.7   0.8   -30.8333   10   0   0   0
0.7   0.8   10   12   0.364078   0.145808   0.145808
0.7   0.8   12   15   0.802327   0.0285346   0.0285346
0.7   0.8   15   18   0.960521   0.00576308   0.00576308
0.7   0.8   18   20   0.981302   0.00622385   0.00622385
0.7   0.8   20   25   0.976766   0.00679912   0.00679912
0.7   0.8   25   30   0.976198   0.00557026   0.00557026
0.7   0.8   30   35   0.974829   0.00126899   0.00126899
0.7   0.8   35   40   0.980521   0.00202954   0.00202954
0.7   0.8   40   45   0.98169   0.0014606   0.0014606
0.7   0.8   45   70   0.984268   0.00103174   0.00103174
0.7   0.8   70   100   0.982573   0.0028595   0.0028595
0.7   0.8   100   500   0.99312   0.00967285   0.00967285
0.8   0.9   -30.8333   10   0   0   0
0.8   0.9   10   12   0.733645   0.400226   0.400226
0.8   0.9   12   15   0.839146   0.0228452   0.0228452
0.8   0.9   15   18   0.973353   0.0121372   0.0121372
0.8   0.9   18   20   0.987501   0.00553011   0.00553011
0.8   0.9   20   25   0.997002   0.0122238   0.0122238
0.8   0.9   25   30   0.988356   0.00347472   0.00347472
0.8   0.9   30   35   0.988846   0.00243137   0.00243137
0.8   0.9   35   40   0.990205   0.000917347   0.000917347
0.8   0.9   40   45   0.992409   0.000828295   0.000828295
0.8   0.9   45   70   0.99293   0.000622611   0.000622611
0.8   0.9   70   100   0.995753   0.00339108   0.00339108
0.8   0.9   100   500   0.992504   0.0106766   0.0106766
0.9   1   -30.8333   10   0   0   0
0.9   1   10   12   0.325175   0.146574   0.146574
0.9   1   12   15   0.833617   0.0284494   0.0284494
0.9   1   15   18   0.973994   0.0068438   0.0068438
0.9   1   18   20   0.987058   0.0116818   0.0116818
0.9   1   20   25   0.997103   0.00427338   0.00427338
0.9   1   25   30   0.992747   0.0015169   0.0015169
0.9   1   30   35   0.989588   0.00221976   0.00221976
0.9   1   35   40   0.991856   0.000722124   0.000722124
0.9   1   40   45   0.992926   0.00129475   0.00129475
0.9   1   45   70   0.994371   0.0013904   0.0013904
0.9   1   70   100   0.999379   0.00349024   0.00349024
0.9   1   100   500   0.997941   0.00706387   0.00706387
1   1.1   -30.8333   10   0   0   0
1   1.1   10   12   0.5   0.205903   0.205903
1   1.1   12   15   0.811279   0.0227262   0.0227262
1   1.1   15   18   0.962188   0.0137206   0.0137206
1   1.1   18   20   0.988347   0.00509364   0.00509364
1   1.1   20   25   0.993211   0.003822   0.003822
1   1.1   25   30   0.994197   0.00513914   0.00513914
1   1.1   30   35   0.991213   0.00313388   0.00313388
1   1.1   35   40   0.993904   0.00199684   0.00199684
1   1.1   40   45   0.994259   0.000764855   0.000764855
1   1.1   45   70   0.99686   0.000716407   0.000716407
1   1.1   70   100   0.995023   0.00745343   0.00745343
1   1.1   100   500   0.997114   0.00668501   0.00668501
1.1   1.2   -30.8333   10   0   0   0
1.1   1.2   10   12   0.256966   0.127964   0.127964
1.1   1.2   12   15   0.71217   0.0205208   0.0205208
1.1   1.2   15   18   0.922682   0.0106392   0.0106392
1.1   1.2   18   20   0.975978   0.00845732   0.00845732
1.1   1.2   20   25   0.993206   0.00716576   0.00716576
1.1   1.2   25   30   0.99356   0.00465676   0.00465676
1.1   1.2   30   35   0.991344   0.00210291   0.00210291
1.1   1.2   35   40   0.99325   0.00093177   0.00093177
1.1   1.2   40   45   0.996801   0.00357911   0.00357911
1.1   1.2   45   70   0.997336   0.000998458   0.000998458
1.1   1.2   70   100   0.995618   0.00682614   0.00682614
1.1   1.2   100   500   0.996283   0.00381158   0.00381158
1.2   1.3   -30.8333   10   0   0   0
1.2   1.3   10   12   0.202658   0.196596   0.196596
1.2   1.3   12   15   0.660919   0.0259734   0.0259734
1.2   1.3   15   18   0.922187   0.0215672   0.0215672
1.2   1.3   18   20   0.98536   0.00835858   0.00835858
1.2   1.3   20   25   0.987556   0.00531985   0.00531985
1.2   1.3   25   30   0.990703   0.00374822   0.00374822
1.2   1.3   30   35   0.985281   0.00166808   0.00166808
1.2   1.3   35   40   0.984115   0.00116992   0.00116992
1.2   1.3   40   45   0.988093   0.00228439   0.00228439
1.2   1.3   45   70   0.988891   0.00115243   0.00115243
1.2   1.3   70   100   0.996533   0.00605531   0.00605531
1.2   1.3   100   500   0.988085   0.00435403   0.00435403
1.3   1.4   -30.8333   10   0   0   0
1.3   1.4   10   12   0.317708   0.231802   0.231802
1.3   1.4   12   15   0.621687   0.0248458   0.0248458
1.3   1.4   15   18   0.875193   0.0099122   0.0099122
1.3   1.4   18   20   0.975435   0.00850905   0.00850905
1.3   1.4   20   25   0.978971   0.00515671   0.00515671
1.3   1.4   25   30   0.983806   0.00856744   0.00856744
1.3   1.4   30   35   0.976907   0.00311929   0.00311929
1.3   1.4   35   40   0.982302   0.00181454   0.00181454
1.3   1.4   40   45   0.983178   0.00175379   0.00175379
1.3   1.4   45   70   0.986492   0.00103428   0.00103428
1.3   1.4   70   100   0.988905   0.00369216   0.00369216
1.3   1.4   100   500   0.989762   0.0134088   0.0134088
1.4   1.5   -30.8333   10   0   0   0
1.4   1.5   10   12   0.135534   0.0482116   0.0482116
1.4   1.5   12   15   0.538921   0.0209736   0.0209736
1.4   1.5   15   18   0.862679   0.0154481   0.0154481
1.4   1.5   18   20   0.956257   0.0262897   0.0262897
1.4   1.5   20   25   0.975357   0.00480789   0.00480789
1.4   1.5   25   30   0.971825   0.00702952   0.00702952
1.4   1.5   30   35   0.97434   0.00283955   0.00283955
1.4   1.5   35   40   0.981858   0.00194174   0.00194174
1.4   1.5   40   45   0.981334   0.00259985   0.00259985
1.4   1.5   45   70   0.98195   0.00111147   0.00111147
1.4   1.5   70   100   0.98616   0.00427273   0.00427273
1.4   1.5   100   500   0.987804   0.00929118   0.00929118
1.5   1.6   -30.8333   10   0   0   0
1.5   1.6   10   12   0.315637   0.0915938   0.0915938
1.5   1.6   12   15   0.534112   0.0517503   0.0517503
1.5   1.6   15   18   0.808335   0.0182868   0.0182868
1.5   1.6   18   20   0.936145   0.0231145   0.0231145
1.5   1.6   20   25   0.972803   0.00477738   0.00477738
1.5   1.6   25   30   0.972198   0.00291209   0.00291209
1.5   1.6   30   35   0.978973   0.00182268   0.00182268
1.5   1.6   35   40   0.981241   0.00139919   0.00139919
1.5   1.6   40   45   0.982357   0.00286636   0.00286636
1.5   1.6   45   70   0.983636   0.00146614   0.00146614
1.5   1.6   70   100   0.978132   0.00479064   0.00479064
1.5   1.6   100   500   0.972134   0.00821319   0.00821319
1.6   1.7   -30.8333   10   0   0   0
1.6   1.7   10   12   0.157776   0.0433105   0.0433105
1.6   1.7   12   15   0.558909   0.0188361   0.0188361
1.6   1.7   15   18   0.840862   0.0110163   0.0110163
1.6   1.7   18   20   0.949017   0.0228006   0.0228006
1.6   1.7   20   25   0.981726   0.00476171   0.00476171
1.6   1.7   25   30   0.989427   0.00195027   0.00195027
1.6   1.7   30   35   0.987602   0.00186253   0.00186253
1.6   1.7   35   40   0.988444   0.00103771   0.00103771
1.6   1.7   40   45   0.98948   0.000813874   0.000813874
1.6   1.7   45   70   0.993222   0.00127874   0.00127874
1.6   1.7   70   100   0.990392   0.0027254   0.0027254
1.6   1.7   100   500   0.993293   0.00848406   0.00848406
1.7   1.8   -30.8333   10   0   0   0
1.7   1.8   10   12   0.0754858   0.0250109   0.0250109
1.7   1.8   12   15   0.610132   0.0181228   0.0181228
1.7   1.8   15   18   0.867109   0.0222059   0.0222059
1.7   1.8   18   20   0.951262   0.0118918   0.0118918
1.7   1.8   20   25   0.988621   0.00265851   0.00265851
1.7   1.8   25   30   0.992797   0.00210068   0.00210068
1.7   1.8   30   35   0.994711   0.0017476   0.0017476
1.7   1.8   35   40   0.993926   0.0013526   0.0013526
1.7   1.8   40   45   0.994591   0.000659293   0.000659293
1.7   1.8   45   70   0.996538   0.00120854   0.00120854
1.7   1.8   70   100   0.998381   0.00438431   0.00438431
1.7   1.8   100   500   0.998484   0.007669   0.007669
1.8   1.9   -30.8333   10   0   0   0
1.8   1.9   10   12   0.156536   0.0400732   0.0400732
1.8   1.9   12   15   0.665719   0.0194196   0.0194196
1.8   1.9   15   18   0.897752   0.0239194   0.0239194
1.8   1.9   18   20   0.974915   0.0138448   0.0138448
1.8   1.9   20   25   0.98865   0.00252893   0.00252893
1.8   1.9   25   30   0.992942   0.00145794   0.00145794
1.8   1.9   30   35   0.994228   0.000992705   0.000992705
1.8   1.9   35   40   0.994057   0.00141077   0.00141077
1.8   1.9   40   45   0.993285   0.000527476   0.000527476
1.8   1.9   45   70   0.996953   0.000555507   0.000555507
1.8   1.9   70   100   0.998487   0.00220947   0.00220947
1.8   1.9   100   500   1.00232   0.00298877   0.00298877
1.9   2   -30.8333   10   0   0   0
1.9   2   10   12   0.256952   0.0840487   0.0840487
1.9   2   12   15   0.726336   0.0208585   0.0208585
1.9   2   15   18   0.939138   0.0119796   0.0119796
1.9   2   18   20   0.987105   0.00594085   0.00594085
1.9   2   20   25   0.992556   0.00629156   0.00629156
1.9   2   25   30   0.996035   0.00214508   0.00214508
1.9   2   30   35   0.995866   0.00345714   0.00345714
1.9   2   35   40   0.994379   0.00115287   0.00115287
1.9   2   40   45   0.996429   0.00063627   0.00063627
1.9   2   45   70   0.996847   0.000547183   0.000547183
1.9   2   70   100   1   0.00450949   0.00450949
1.9   2   100   500   1.00151   0.00167904   0.00167904
2   2.1   -30.8333   10   0   0   0
2   2.1   10   12   0.224458   0.0716035   0.0716035
2   2.1   12   15   0.831309   0.018935   0.018935
2   2.1   15   18   0.967734   0.0137553   0.0137553
2   2.1   18   20   1.00656   0.00816776   0.00816776
2   2.1   20   25   1.00224   0.0026882   0.0026882
2   2.1   25   30   1.00493   0.00428831   0.00428831
2   2.1   30   35   1.00228   0.00187547   0.00187547
2   2.1   35   40   1.00154   0.000803568   0.000803568
2   2.1   40   45   0.99959   0.00194976   0.00194976
2   2.1   45   70   0.999898   0.00181875   0.00181875
2   2.1   70   100   0.998385   0.00386546   0.00386546
2   2.1   100   500   0.997388   0.00288891   0.00288891
2.1   2.2   -30.8333   10   0   0   0
2.1   2.2   10   12   0.445946   0.171347   0.171347
2.1   2.2   12   15   0.895029   0.0311862   0.0311862
2.1   2.2   15   18   0.997822   0.00988449   0.00988449
2.1   2.2   18   20   1.01032   0.00957399   0.00957399
2.1   2.2   20   25   1.0108   0.0103743   0.0103743
2.1   2.2   25   30   1.00138   0.00194333   0.00194333
2.1   2.2   30   35   0.993233   0.00488627   0.00488627
2.1   2.2   35   40   0.994417   0.0014231   0.0014231
2.1   2.2   40   45   0.993824   0.000761934   0.000761934
2.1   2.2   45   70   0.994986   0.000847394   0.000847394
2.1   2.2   70   100   0.997673   0.00526999   0.00526999
2.1   2.2   100   500   1.00161   0.00398473   0.00398473
2.2   2.3   -30.8333   10   0   0   0
2.2   2.3   10   12   0.271233   0.103864   0.103864
2.2   2.3   12   15   0.943814   0.034121   0.034121
2.2   2.3   15   18   1.03781   0.0114186   0.0114186
2.2   2.3   18   20   1.02081   0.0135118   0.0135118
2.2   2.3   20   25   1.02191   0.00494567   0.00494567
2.2   2.3   25   30   1.00643   0.00319373   0.00319373
2.2   2.3   30   35   0.997177   0.00208514   0.00208514
2.2   2.3   35   40   0.994821   0.00163927   0.00163927
2.2   2.3   40   45   0.991231   0.0008607   0.0008607
2.2   2.3   45   70   0.990474   0.0007246   0.0007246
2.2   2.3   70   100   0.992712   0.00765441   0.00765441
2.2   2.3   100   500   0.989616   0.00918667   0.00918667
2.3   2.4   -30.8333   10   0   0   0
2.3   2.4   10   12   0.517986   0.170556   0.170556
2.3   2.4   12   15   0.866967   0.0382537   0.0382537
2.3   2.4   15   18   1.1026   0.0207477   0.0207477
2.3   2.4   18   20   1.10541   0.0380669   0.0380669
2.3   2.4   20   25   1.07399   0.00507134   0.00507134
2.3   2.4   25   30   1.05267   0.00481626   0.00481626
2.3   2.4   30   35   1.03139   0.0020986   0.0020986
2.3   2.4   35   40   1.02067   0.00138441   0.00138441
2.3   2.4   40   45   1.01247   0.00100502   0.00100502
2.3   2.4   45   70   1.0087   0.000845426   0.000845426
2.3   2.4   70   100   0.996449   0.00854127   0.00854127
2.3   2.4   100   500   1.00192   0.00468499   0.00468499
2.4   2.5   -30.8333   10   0   0   0
2.4   2.5   10   12   0.921099   0.306909   0.306909
2.4   2.5   12   15   0.899134   0.0518657   0.0518657
2.4   2.5   15   18   1.12428   0.0363313   0.0363313
2.4   2.5   18   20   1.11416   0.0427248   0.0427248
2.4   2.5   20   25   1.09464   0.0158759   0.0158759
2.4   2.5   25   30   1.07452   0.00576107   0.00576107
2.4   2.5   30   35   1.06388   0.00490479   0.00490479
2.4   2.5   35   40   1.05104   0.00704037   0.00704037
2.4   2.5   40   45   1.04728   0.00269012   0.00269012
2.4   2.5   45   70   1.04216   0.00527882   0.00527882
2.4   2.5   70   100   1.01171   0.0449919   0.0449919
2.4   2.5   100   500   1.01175   0.0165573   0.0165573
