-2.6   -2.5   -34.5455   10   0   0   0
-2.6   -2.5   10   19   0   0   0
-2.6   -2.5   19   23   0   0   0
-2.6   -2.5   23   25   0   0   0
-2.6   -2.5   25   27   0   0   0
-2.6   -2.5   27   30   0   0   0
-2.6   -2.5   30   35   0   0   0
-2.6   -2.5   35   40   0   0   0
-2.6   -2.5   40   45   0   0   0
-2.6   -2.5   45   70   0   0   0
-2.6   -2.5   70   100   0   0   0
-2.6   -2.5   100   500   0   0   0
-2.5   -2.4   -34.5455   10   0   0   0
-2.5   -2.4   10   19   6.14286   3.475   3.475
-2.5   -2.4   19   23   1.67593   0.117675   0.117675
-2.5   -2.4   23   25   0.966882   0.0491032   0.0491032
-2.5   -2.4   25   27   0.95606   0.0181622   0.0181622
-2.5   -2.4   27   30   1.03382   0.0128749   0.0128749
-2.5   -2.4   30   35   1.04109   0.0092937   0.0092937
-2.5   -2.4   35   40   1.03825   0.00296825   0.00296825
-2.5   -2.4   40   45   1.03245   0.00362304   0.00362304
-2.5   -2.4   45   70   1.0099   0.00412824   0.00412824
-2.5   -2.4   70   100   0.995851   0.0116715   0.0116715
-2.5   -2.4   100   500   1.0029   0.00845476   0.00845476
-2.4   -2.3   -34.5455   10   0   0   0
-2.4   -2.3   10   19   0.666667   1.27778   1.27778
-2.4   -2.3   19   23   1.40223   0.544846   0.544846
-2.4   -2.3   23   25   1.32725   0.0420664   0.0420664
-2.4   -2.3   25   27   1.1304   0.0154655   0.0154655
-2.4   -2.3   27   30   1.02172   0.00520774   0.00520774
-2.4   -2.3   30   35   1.01414   0.0021073   0.0021073
-2.4   -2.3   35   40   1.00717   0.00144062   0.00144062
-2.4   -2.3   40   45   1.00412   0.00101214   0.00101214
-2.4   -2.3   45   70   0.999898   0.00130168   0.00130168
-2.4   -2.3   70   100   1.00232   0.00273433   0.00273433
-2.4   -2.3   100   500   0.996878   0.00511533   0.00511533
-2.3   -2.2   -34.5455   10   0   0   0
-2.3   -2.2   10   19   0   0   0
-2.3   -2.2   19   23   1.15723   0.403389   0.403389
-2.3   -2.2   23   25   1.45136   0.0331383   0.0331383
-2.3   -2.2   25   27   1.09331   0.00949775   0.00949775
-2.3   -2.2   27   30   1.00065   0.00760855   0.00760855
-2.3   -2.2   30   35   0.98939   0.00363304   0.00363304
-2.3   -2.2   35   40   0.99186   0.00238689   0.00238689
-2.3   -2.2   40   45   0.990861   0.00146286   0.00146286
-2.3   -2.2   45   70   0.988686   0.000799141   0.000799141
-2.3   -2.2   70   100   0.993539   0.00362845   0.00362845
-2.3   -2.2   100   500   0.989524   0.00421788   0.00421788
-2.2   -2.1   -34.5455   10   0   0   0
-2.2   -2.1   10   19   0.5   0.325427   0.325427
-2.2   -2.1   19   23   1.1129   0.160047   0.160047
-2.2   -2.1   23   25   1.74542   0.0544112   0.0544112
-2.2   -2.1   25   27   1.15047   0.0144276   0.0144276
-2.2   -2.1   27   30   1.00228   0.00432996   0.00432996
-2.2   -2.1   30   35   0.994268   0.00144092   0.00144092
-2.2   -2.1   35   40   0.996496   0.000879412   0.000879412
-2.2   -2.1   40   45   0.99641   0.00133646   0.00133646
-2.2   -2.1   45   70   0.996229   0.0016859   0.0016859
-2.2   -2.1   70   100   0.996982   0.00174074   0.00174074
-2.2   -2.1   100   500   0.996676   0.0038892   0.0038892
-2.1   -2   -34.5455   10   0   0   0
-2.1   -2   10   19   0.6   0.731027   0.731027
-2.1   -2   19   23   1.12435   0.106888   0.106888
-2.1   -2   23   25   1.44303   0.0427948   0.0427948
-2.1   -2   25   27   1.10359   0.0193051   0.0193051
-2.1   -2   27   30   0.99732   0.0028373   0.0028373
-2.1   -2   30   35   0.997404   0.00211427   0.00211427
-2.1   -2   35   40   0.999178   0.000834041   0.000834041
-2.1   -2   40   45   0.998056   0.00204621   0.00204621
-2.1   -2   45   70   0.999186   0.0010521   0.0010521
-2.1   -2   70   100   0.996677   0.00341758   0.00341758
-2.1   -2   100   500   0.999497   0.00565217   0.00565217
-2   -1.9   -34.5455   10   0   0   0
-2   -1.9   10   19   0   0   0
-2   -1.9   19   23   0.966527   0.159787   0.159787
-2   -1.9   23   25   1.26868   0.0576742   0.0576742
-2   -1.9   25   27   1   0.0141649   0.0141649
-2   -1.9   27   30   0.978828   0.00389009   0.00389009
-2   -1.9   30   35   0.99151   0.00231817   0.00231817
-2   -1.9   35   40   0.996732   0.00233212   0.00233212
-2   -1.9   40   45   0.997657   0.000528984   0.000528984
-2   -1.9   45   70   0.998072   0.000486569   0.000486569
-2   -1.9   70   100   0.996067   0.00213623   0.00213623
-2   -1.9   100   500   0.997993   0.00272749   0.00272749
-1.9   -1.8   -34.5455   10   0   0   0
-1.9   -1.8   10   19   0.857143   1.20691   1.20691
-1.9   -1.8   19   23   0.643646   0.0602468   0.0602468
-1.9   -1.8   23   25   0.997944   0.0219216   0.0219216
-1.9   -1.8   25   27   0.931961   0.00807625   0.00807625
-1.9   -1.8   27   30   0.959483   0.00508424   0.00508424
-1.9   -1.8   30   35   0.991611   0.00145264   0.00145264
-1.9   -1.8   35   40   0.995294   0.000728946   0.000728946
-1.9   -1.8   40   45   0.995332   0.000686142   0.000686142
-1.9   -1.8   45   70   0.997671   0.00049553   0.00049553
-1.9   -1.8   70   100   0.997888   0.00303506   0.00303506
-1.9   -1.8   100   500   0.999698   0.00262909   0.00262909
-1.8   -1.7   -34.5455   10   0   0   0
-1.8   -1.7   10   19   1.75   1.3035   1.3035
-1.8   -1.7   19   23   0.865574   0.126062   0.126062
-1.8   -1.7   23   25   0.962388   0.0217139   0.0217139
-1.8   -1.7   25   27   0.871404   0.00807657   0.00807657
-1.8   -1.7   27   30   0.940045   0.00694326   0.00694326
-1.8   -1.7   30   35   0.980928   0.0012349   0.0012349
-1.8   -1.7   35   40   0.992273   0.00106609   0.00106609
-1.8   -1.7   40   45   0.991843   0.000650758   0.000650758
-1.8   -1.7   45   70   0.995932   0.00131604   0.00131604
-1.8   -1.7   70   100   0.996765   0.00296378   0.00296378
-1.8   -1.7   100   500   0.993543   0.00509217   0.00509217
-1.7   -1.6   -34.5455   10   0   0   0
-1.7   -1.6   10   19   2   3.16228   3.16228
-1.7   -1.6   19   23   1.18831   0.100532   0.100532
-1.7   -1.6   23   25   1.04614   0.0757979   0.0757979
-1.7   -1.6   25   27   0.893376   0.00805413   0.00805413
-1.7   -1.6   27   30   0.926075   0.0044209   0.0044209
-1.7   -1.6   30   35   0.974532   0.00246024   0.00246024
-1.7   -1.6   35   40   0.985244   0.00106364   0.00106364
-1.7   -1.6   40   45   0.989079   0.00129058   0.00129058
-1.7   -1.6   45   70   0.991389   0.00196652   0.00196652
-1.7   -1.6   70   100   0.991233   0.00581854   0.00581854
-1.7   -1.6   100   500   0.989758   0.00323524   0.00323524
-1.6   -1.5   -34.5455   10   0   0   0
-1.6   -1.5   10   19   3.5   1.68789   1.68789
-1.6   -1.5   19   23   1.54489   0.0935446   0.0935446
-1.6   -1.5   23   25   1.28049   0.0629802   0.0629802
-1.6   -1.5   25   27   0.899667   0.0185391   0.0185391
-1.6   -1.5   27   30   0.920659   0.0110698   0.0110698
-1.6   -1.5   30   35   0.964438   0.00193006   0.00193006
-1.6   -1.5   35   40   0.975514   0.00149624   0.00149624
-1.6   -1.5   40   45   0.979786   0.00154619   0.00154619
-1.6   -1.5   45   70   0.984173   0.00100794   0.00100794
-1.6   -1.5   70   100   0.978873   0.00426518   0.00426518
-1.6   -1.5   100   500   0.986272   0.00605472   0.00605472
-1.5   -1.4   -34.5455   10   0   0   0
-1.5   -1.4   10   19   1   1.2659   1.2659
-1.5   -1.4   19   23   0.511364   0.0780936   0.0780936
-1.5   -1.4   23   25   0.534728   0.0214951   0.0214951
-1.5   -1.4   25   27   0.729283   0.0115124   0.0115124
-1.5   -1.4   27   30   0.88943   0.00541938   0.00541938
-1.5   -1.4   30   35   0.973559   0.00190349   0.00190349
-1.5   -1.4   35   40   0.992317   0.00151697   0.00151697
-1.5   -1.4   40   45   0.99644   0.0012827   0.0012827
-1.5   -1.4   45   70   0.985929   0.00104373   0.00104373
-1.5   -1.4   70   100   0.99514   0.00520164   0.00520164
-1.5   -1.4   100   500   0.993777   0.00778613   0.00778613
-1.4   -1.3   -34.5455   10   0   0   0
-1.4   -1.3   10   19   1.5   2.89396   2.89396
-1.4   -1.3   19   23   0.862069   0.157764   0.157764
-1.4   -1.3   23   25   0.708093   0.0198658   0.0198658
-1.4   -1.3   25   27   0.802972   0.00778721   0.00778721
-1.4   -1.3   27   30   0.916737   0.0124966   0.0124966
-1.4   -1.3   30   35   0.980082   0.00207349   0.00207349
-1.4   -1.3   35   40   0.99003   0.00313613   0.00313613
-1.4   -1.3   40   45   0.99041   0.00185175   0.00185175
-1.4   -1.3   45   70   0.991755   0.00123542   0.00123542
-1.4   -1.3   70   100   0.993596   0.00665041   0.00665041
-1.4   -1.3   100   500   0.985522   0.00506207   0.00506207
-1.3   -1.2   -34.5455   10   0   0   0
-1.3   -1.2   10   19   0.5   0.75   0.75
-1.3   -1.2   19   23   0.699115   0.107086   0.107086
-1.3   -1.2   23   25   0.778393   0.0253039   0.0253039
-1.3   -1.2   25   27   0.850033   0.00702532   0.00702532
-1.3   -1.2   27   30   0.935181   0.00345766   0.00345766
-1.3   -1.2   30   35   0.978066   0.00334301   0.00334301
-1.3   -1.2   35   40   0.98717   0.00284493   0.00284493
-1.3   -1.2   40   45   0.986319   0.00171255   0.00171255
-1.3   -1.2   45   70   0.985901   0.00115033   0.00115033
-1.3   -1.2   70   100   0.989493   0.00345963   0.00345963
-1.3   -1.2   100   500   0.98422   0.00774389   0.00774389
-1.2   -1.1   -34.5455   10   0   0   0
-1.2   -1.1   10   19   0.25   0.257694   0.257694
-1.2   -1.1   19   23   0.757764   0.0820203   0.0820203
-1.2   -1.1   23   25   0.855601   0.0276839   0.0276839
-1.2   -1.1   25   27   0.880352   0.00864554   0.00864554
-1.2   -1.1   27   30   0.946884   0.00665745   0.00665745
-1.2   -1.1   30   35   0.982341   0.00182865   0.00182865
-1.2   -1.1   35   40   0.990937   0.00268501   0.00268501
-1.2   -1.1   40   45   0.993024   0.00140036   0.00140036
-1.2   -1.1   45   70   0.991699   0.000887766   0.000887766
-1.2   -1.1   70   100   0.989106   0.00384499   0.00384499
-1.2   -1.1   100   500   0.991725   0.00318443   0.00318443
-1.1   -1   -34.5455   10   0   0   0
-1.1   -1   10   19   2   2.69258   2.69258
-1.1   -1   19   23   0.939394   0.138446   0.138446
-1.1   -1   23   25   0.889536   0.0428527   0.0428527
-1.1   -1   25   27   0.926533   0.00709825   0.00709825
-1.1   -1   27   30   0.976419   0.00490824   0.00490824
-1.1   -1   30   35   0.992143   0.00306817   0.00306817
-1.1   -1   35   40   0.995246   0.000881997   0.000881997
-1.1   -1   40   45   0.994042   0.00065972   0.00065972
-1.1   -1   45   70   0.993967   0.000656957   0.000656957
-1.1   -1   70   100   0.996106   0.0024053   0.0024053
-1.1   -1   100   500   1.00031   0.00587688   0.00587688
-1   -0.9   -34.5455   10   0   0   0
-1   -0.9   10   19   0.6   0.451429   0.451429
-1   -0.9   19   23   1.13861   0.149444   0.149444
-1   -0.9   23   25   0.984244   0.029195   0.029195
-1   -0.9   25   27   0.939762   0.0216342   0.0216342
-1   -0.9   27   30   0.97474   0.00274278   0.00274278
-1   -0.9   30   35   0.986346   0.00355877   0.00355877
-1   -0.9   35   40   0.989148   0.00222357   0.00222357
-1   -0.9   40   45   0.987591   0.000797898   0.000797898
-1   -0.9   45   70   0.986741   0.0016477   0.0016477
-1   -0.9   70   100   0.986107   0.00468346   0.00468346
-1   -0.9   100   500   0.99114   0.0033274   0.0033274
-0.9   -0.8   -34.5455   10   0   0   0
-0.9   -0.8   10   19   0.666667   0.464811   0.464811
-0.9   -0.8   19   23   1.46988   0.230993   0.230993
-0.9   -0.8   23   25   0.973839   0.03319   0.03319
-0.9   -0.8   25   27   0.94741   0.00511505   0.00511505
-0.9   -0.8   27   30   0.970379   0.00332534   0.00332534
-0.9   -0.8   30   35   0.981899   0.00239511   0.00239511
-0.9   -0.8   35   40   0.986239   0.00225274   0.00225274
-0.9   -0.8   40   45   0.98439   0.0012009   0.0012009
-0.9   -0.8   45   70   0.982169   0.000665927   0.000665927
-0.9   -0.8   70   100   0.984155   0.0028112   0.0028112
-0.9   -0.8   100   500   0.98524   0.00691258   0.00691258
-0.8   -0.7   -34.5455   10   0   0   0
-0.8   -0.7   10   19   0   0   0
-0.8   -0.7   19   23   0.845455   0.196619   0.196619
-0.8   -0.7   23   25   0.935697   0.0301472   0.0301472
-0.8   -0.7   25   27   0.960795   0.00495473   0.00495473
-0.8   -0.7   27   30   0.98781   0.00215448   0.00215448
-0.8   -0.7   30   35   0.995165   0.00146512   0.00146512
-0.8   -0.7   35   40   0.996061   0.000856846   0.000856846
-0.8   -0.7   40   45   0.995356   0.000808785   0.000808785
-0.8   -0.7   45   70   0.994807   0.000967878   0.000967878
-0.8   -0.7   70   100   0.996727   0.0066992   0.0066992
-0.8   -0.7   100   500   0.993251   0.00347465   0.00347465
-0.7   -0.6   -34.5455   10   0   0   0
-0.7   -0.6   10   19   6   6.40312   6.40312
-0.7   -0.6   19   23   0.894118   0.102984   0.102984
-0.7   -0.6   23   25   0.898912   0.0157834   0.0157834
-0.7   -0.6   25   27   0.96024   0.00482373   0.00482373
-0.7   -0.6   27   30   0.995677   0.00203873   0.00203873
-0.7   -0.6   30   35   1.00194   0.00106785   0.00106785
-0.7   -0.6   35   40   1.00386   0.00142044   0.00142044
-0.7   -0.6   40   45   1.00191   0.000653721   0.000653721
-0.7   -0.6   45   70   1.00063   0.00160453   0.00160453
-0.7   -0.6   70   100   0.997744   0.00257993   0.00257993
-0.7   -0.6   100   500   0.99877   0.00345799   0.00345799
-0.6   -0.5   -34.5455   10   0   0   0
-0.6   -0.5   10   19   0   0.333333   0.333333
-0.6   -0.5   19   23   0.692308   0.197924   0.197924
-0.6   -0.5   23   25   0.904975   0.0110476   0.0110476
-0.6   -0.5   25   27   0.966157   0.00475624   0.00475624
-0.6   -0.5   27   30   0.991692   0.00203673   0.00203673
-0.6   -0.5   30   35   0.998492   0.00181156   0.00181156
-0.6   -0.5   35   40   0.998286   0.00124233   0.00124233
-0.6   -0.5   40   45   0.99788   0.000733657   0.000733657
-0.6   -0.5   45   70   0.997499   0.000906881   0.000906881
-0.6   -0.5   70   100   1.00021   0.00477002   0.00477002
-0.6   -0.5   100   500   0.997127   0.00307841   0.00307841
-0.5   -0.4   -34.5455   10   0   0   0
-0.5   -0.4   10   19   0   0.142857   0.142857
-0.5   -0.4   19   23   0.727273   0.142266   0.142266
-0.5   -0.4   23   25   0.861491   0.0167098   0.0167098
-0.5   -0.4   25   27   0.948798   0.00641702   0.00641702
-0.5   -0.4   27   30   0.982357   0.00331077   0.00331077
-0.5   -0.4   30   35   0.992129   0.00180618   0.00180618
-0.5   -0.4   35   40   0.991995   0.000858836   0.000858836
-0.5   -0.4   40   45   0.991871   0.0026823   0.0026823
-0.5   -0.4   45   70   0.990433   0.000940711   0.000940711
-0.5   -0.4   70   100   0.992825   0.00210956   0.00210956
-0.5   -0.4   100   500   0.991399   0.00381624   0.00381624
-0.4   -0.3   -34.5455   10   0   0   0
-0.4   -0.3   10   19   0   0   0
-0.4   -0.3   19   23   0.71875   0.194794   0.194794
-0.4   -0.3   23   25   0.890378   0.0218833   0.0218833
-0.4   -0.3   25   27   0.961226   0.00452788   0.00452788
-0.4   -0.3   27   30   0.982498   0.00240283   0.00240283
-0.4   -0.3   30   35   0.989869   0.00161571   0.00161571
-0.4   -0.3   35   40   0.992546   0.00132565   0.00132565
-0.4   -0.3   40   45   0.992007   0.00112633   0.00112633
-0.4   -0.3   45   70   0.991387   0.000983066   0.000983066
-0.4   -0.3   70   100   0.988047   0.00238846   0.00238846
-0.4   -0.3   100   500   0.994907   0.00814282   0.00814282
-0.3   -0.2   -34.5455   10   0   0   0
-0.3   -0.2   10   19   0   0   0
-0.3   -0.2   19   23   0.492958   0.1364   0.1364
-0.3   -0.2   23   25   0.890222   0.019847   0.019847
-0.3   -0.2   25   27   0.954835   0.00442644   0.00442644
-0.3   -0.2   27   30   0.986536   0.00225661   0.00225661
-0.3   -0.2   30   35   0.99086   0.00114997   0.00114997
-0.3   -0.2   35   40   0.993299   0.00124246   0.00124246
-0.3   -0.2   40   45   0.991914   0.000829815   0.000829815
-0.3   -0.2   45   70   0.992239   0.000525327   0.000525327
-0.3   -0.2   70   100   0.993784   0.00365794   0.00365794
-0.3   -0.2   100   500   0.994706   0.00594864   0.00594864
-0.2   -0.1   -34.5455   10   0   0   0
-0.2   -0.1   10   19   2   3   3
-0.2   -0.1   19   23   0.5   0.114754   0.114754
-0.2   -0.1   23   25   0.871313   0.0160003   0.0160003
-0.2   -0.1   25   27   0.963588   0.00414183   0.00414183
-0.2   -0.1   27   30   0.990327   0.00355663   0.00355663
-0.2   -0.1   30   35   0.995587   0.0018163   0.0018163
-0.2   -0.1   35   40   0.99808   0.00239946   0.00239946
-0.2   -0.1   40   45   0.995371   0.000719812   0.000719812
-0.2   -0.1   45   70   0.994404   0.00135724   0.00135724
-0.2   -0.1   70   100   0.996831   0.00498588   0.00498588
-0.2   -0.1   100   500   0.997453   0.00241386   0.00241386
-0.1   0   -34.5455   10   0   0   0
-0.1   0   10   19   0   0   0
-0.1   0   19   23   0.614286   0.101743   0.101743
-0.1   0   23   25   0.863854   0.0156948   0.0156948
-0.1   0   25   27   0.951805   0.0128043   0.0128043
-0.1   0   27   30   0.98956   0.00347377   0.00347377
-0.1   0   30   35   0.991745   0.00167687   0.00167687
-0.1   0   35   40   0.995599   0.000977053   0.000977053
-0.1   0   40   45   0.995654   0.00171334   0.00171334
-0.1   0   45   70   0.994052   0.000812552   0.000812552
-0.1   0   70   100   0.994236   0.00234096   0.00234096
-0.1   0   100   500   0.996202   0.00323795   0.00323795
0   0.1   -34.5455   10   0   0   0
0   0.1   10   19   0   0   0
0   0.1   19   23   0.642857   0.245119   0.245119
0   0.1   23   25   0.847667   0.0131782   0.0131782
0   0.1   25   27   0.956832   0.0124471   0.0124471
0   0.1   27   30   0.988082   0.00342276   0.00342276
0   0.1   30   35   0.995311   0.00146771   0.00146771
0   0.1   35   40   0.995903   0.00158985   0.00158985
0   0.1   40   45   0.994894   0.000815825   0.000815825
0   0.1   45   70   0.994232   0.000645249   0.000645249
0   0.1   70   100   0.99576   0.00462574   0.00462574
0   0.1   100   500   0.995253   0.00411902   0.00411902
0.1   0.2   -34.5455   10   0   0   0
0.1   0.2   10   19   1   1.64148   1.64148
0.1   0.2   19   23   0.734694   0.253498   0.253498
0.1   0.2   23   25   0.835586   0.0129117   0.0129117
0.1   0.2   25   27   0.949231   0.00414813   0.00414813
0.1   0.2   27   30   0.976917   0.00293058   0.00293058
0.1   0.2   30   35   0.984482   0.00175019   0.00175019
0.1   0.2   35   40   0.986366   0.0011283   0.0011283
0.1   0.2   40   45   0.986856   0.00175228   0.00175228
0.1   0.2   45   70   0.985801   0.00138201   0.00138201
0.1   0.2   70   100   0.987449   0.00609006   0.00609006
0.1   0.2   100   500   0.98683   0.00879692   0.00879692
0.2   0.3   -34.5455   10   0   0   0
0.2   0.3   10   19   0   0   0
0.2   0.3   19   23   0.878049   0.389576   0.389576
0.2   0.3   23   25   0.891269   0.0122292   0.0122292
0.2   0.3   25   27   0.951239   0.00403744   0.00403744
0.2   0.3   27   30   0.974528   0.00946142   0.00946142
0.2   0.3   30   35   0.985289   0.00456874   0.00456874
0.2   0.3   35   40   0.986754   0.00145926   0.00145926
0.2   0.3   40   45   0.986065   0.00104429   0.00104429
0.2   0.3   45   70   0.985738   0.000626742   0.000626742
0.2   0.3   70   100   0.989243   0.00304599   0.00304599
0.2   0.3   100   500   0.987537   0.00547976   0.00547976
0.3   0.4   -34.5455   10   0   0   0
0.3   0.4   10   19   0   0   0
0.3   0.4   19   23   1.15909   0.155793   0.155793
0.3   0.4   23   25   0.893084   0.039431   0.039431
0.3   0.4   25   27   0.937809   0.00392685   0.00392685
0.3   0.4   27   30   0.97332   0.00355315   0.00355315
0.3   0.4   30   35   0.981721   0.00309392   0.00309392
0.3   0.4   35   40   0.982904   0.00112844   0.00112844
0.3   0.4   40   45   0.981954   0.00110692   0.00110692
0.3   0.4   45   70   0.980706   0.00135154   0.00135154
0.3   0.4   70   100   0.984417   0.00325933   0.00325933
0.3   0.4   100   500   0.981973   0.00366265   0.00366265
0.4   0.5   -34.5455   10   0   0   0
0.4   0.5   10   19   0   0.5   0.5
0.4   0.5   19   23   1.18868   0.257138   0.257138
0.4   0.5   23   25   0.88896   0.0348929   0.0348929
0.4   0.5   25   27   0.948727   0.00640428   0.00640428
0.4   0.5   27   30   0.984604   0.00615743   0.00615743
0.4   0.5   30   35   0.990298   0.00307283   0.00307283
0.4   0.5   35   40   0.989309   0.00164271   0.00164271
0.4   0.5   40   45   0.98783   0.00149354   0.00149354
0.4   0.5   45   70   0.988011   0.00065399   0.00065399
0.4   0.5   70   100   0.98726   0.00775306   0.00775306
0.4   0.5   100   500   0.985309   0.00735189   0.00735189
0.5   0.6   -34.5455   10   0   0   0
0.5   0.6   10   19   0   0   0
0.5   0.6   19   23   0.938462   0.246149   0.246149
0.5   0.6   23   25   0.929055   0.0156717   0.0156717
0.5   0.6   25   27   0.957329   0.00488667   0.00488667
0.5   0.6   27   30   0.990768   0.00398546   0.00398546
0.5   0.6   30   35   0.992088   0.00121804   0.00121804
0.5   0.6   35   40   0.993637   0.00250928   0.00250928
0.5   0.6   40   45   0.992423   0.00176875   0.00176875
0.5   0.6   45   70   0.991292   0.00115878   0.00115878
0.5   0.6   70   100   0.995032   0.00306795   0.00306795
0.5   0.6   100   500   0.991036   0.00400075   0.00400075
0.6   0.7   -34.5455   10   0   0   0
0.6   0.7   10   19   3   4.69042   4.69042
0.6   0.7   19   23   0.75   0.315681   0.315681
0.6   0.7   23   25   0.940471   0.0211686   0.0211686
0.6   0.7   25   27   0.955398   0.00739126   0.00739126
0.6   0.7   27   30   0.993514   0.00193871   0.00193871
0.6   0.7   30   35   0.997193   0.00125286   0.00125286
0.6   0.7   35   40   0.997636   0.0010461   0.0010461
0.6   0.7   40   45   0.994478   0.00110912   0.00110912
0.6   0.7   45   70   0.992689   0.00179004   0.00179004
0.6   0.7   70   100   0.992298   0.00239636   0.00239636
0.6   0.7   100   500   0.998559   0.0052242   0.0052242
0.7   0.8   -34.5455   10   0   0   0
0.7   0.8   10   19   0   0   0
0.7   0.8   19   23   1.11224   0.267312   0.267312
0.7   0.8   23   25   0.906525   0.0342528   0.0342528
0.7   0.8   25   27   0.94689   0.0148887   0.0148887
0.7   0.8   27   30   0.972546   0.00512182   0.00512182
0.7   0.8   30   35   0.982316   0.00224085   0.00224085
0.7   0.8   35   40   0.986514   0.00135068   0.00135068
0.7   0.8   40   45   0.983773   0.00121246   0.00121246
0.7   0.8   45   70   0.983516   0.000764053   0.000764053
0.7   0.8   70   100   0.981136   0.00279557   0.00279557
0.7   0.8   100   500   0.990846   0.0112292   0.0112292
0.8   0.9   -34.5455   10   0   0   0
0.8   0.9   10   19   0   0   0
0.8   0.9   19   23   1.52174   0.223252   0.223252
0.8   0.9   23   25   0.993749   0.0129919   0.0129919
0.8   0.9   25   27   0.95212   0.00443451   0.00443451
0.8   0.9   27   30   0.990205   0.00660284   0.00660284
0.8   0.9   30   35   0.998815   0.00376434   0.00376434
0.8   0.9   35   40   0.997327   0.00125411   0.00125411
0.8   0.9   40   45   0.995553   0.00110766   0.00110766
0.8   0.9   45   70   0.993922   0.000879481   0.000879481
0.8   0.9   70   100   0.995753   0.00330518   0.00330518
0.8   0.9   100   500   0.992902   0.0118376   0.0118376
0.9   1   -34.5455   10   0   0   0
0.9   1   10   19   0   0   0
0.9   1   19   23   1.30556   0.168364   0.168364
0.9   1   23   25   0.99419   0.0195709   0.0195709
0.9   1   25   27   0.94788   0.00527526   0.00527526
0.9   1   27   30   0.989767   0.00271627   0.00271627
0.9   1   30   35   0.996889   0.00263022   0.00263022
0.9   1   35   40   0.998186   0.000959853   0.000959853
0.9   1   40   45   0.997145   0.00140969   0.00140969
0.9   1   45   70   0.995592   0.00125369   0.00125369
0.9   1   70   100   0.999379   0.00348257   0.00348257
0.9   1   100   500   0.999071   0.00752997   0.00752997
1   1.1   -34.5455   10   0   0   0
1   1.1   10   19   1   1.73205   1.73205
1   1.1   19   23   1.0814   0.12166   0.12166
1   1.1   23   25   0.915296   0.0143199   0.0143199
1   1.1   25   27   0.927507   0.00784519   0.00784519
1   1.1   27   30   0.980637   0.00326654   0.00326654
1   1.1   30   35   0.996665   0.00514897   0.00514897
1   1.1   35   40   0.999572   0.00175639   0.00175639
1   1.1   40   45   0.997144   0.000754606   0.000754606
1   1.1   45   70   0.997684   0.000840966   0.000840966
1   1.1   70   100   0.995023   0.00745343   0.00745343
1   1.1   100   500   0.997419   0.00637924   0.00637924
1.1   1.2   -34.5455   10   0   0   0
1.1   1.2   10   19   0   0.25   0.25
1.1   1.2   19   23   1.14433   0.1535   0.1535
1.1   1.2   23   25   0.935011   0.0240918   0.0240918
1.1   1.2   25   27   0.891176   0.00709038   0.00709038
1.1   1.2   27   30   0.9566   0.00727794   0.00727794
1.1   1.2   30   35   0.990786   0.00237874   0.00237874
1.1   1.2   35   40   0.997393   0.00134986   0.00134986
1.1   1.2   40   45   0.998492   0.00333364   0.00333364
1.1   1.2   45   70   0.997752   0.000968478   0.000968478
1.1   1.2   70   100   0.995513   0.00691793   0.00691793
1.1   1.2   100   500   0.99731   0.00434339   0.00434339
1.2   1.3   -34.5455   10   0   0   0
1.2   1.3   10   19   0   0   0
1.2   1.3   19   23   1.13253   0.590652   0.590652
1.2   1.3   23   25   0.881773   0.0303516   0.0303516
1.2   1.3   25   27   0.868457   0.0192922   0.0192922
1.2   1.3   27   30   0.947301   0.00383564   0.00383564
1.2   1.3   30   35   0.981958   0.00197387   0.00197387
1.2   1.3   35   40   0.987408   0.0013829   0.0013829
1.2   1.3   40   45   0.989601   0.00231484   0.00231484
1.2   1.3   45   70   0.989702   0.0010112   0.0010112
1.2   1.3   70   100   0.996323   0.00604361   0.00604361
1.2   1.3   100   500   0.988174   0.00441727   0.00441727
1.3   1.4   -34.5455   10   0   0   0
1.3   1.4   10   19   0   0.125   0.125
1.3   1.4   19   23   0.909091   0.198468   0.198468
1.3   1.4   23   25   0.793103   0.0415953   0.0415953
1.3   1.4   25   27   0.835618   0.01029   0.01029
1.3   1.4   27   30   0.928546   0.0075559   0.0075559
1.3   1.4   30   35   0.968357   0.00371156   0.00371156
1.3   1.4   35   40   0.984749   0.00163995   0.00163995
1.3   1.4   40   45   0.984668   0.00163368   0.00163368
1.3   1.4   45   70   0.986432   0.00105685   0.00105685
1.3   1.4   70   100   0.988798   0.00369974   0.00369974
1.3   1.4   100   500   0.989334   0.0121612   0.0121612
1.4   1.5   -34.5455   10   0   0   0
1.4   1.5   10   19   0   0   0
1.4   1.5   19   23   0.953271   0.147451   0.147451
1.4   1.5   23   25   0.709496   0.0231988   0.0231988
1.4   1.5   25   27   0.761727   0.010886   0.010886
1.4   1.5   27   30   0.897777   0.00584621   0.00584621
1.4   1.5   30   35   0.968659   0.00251597   0.00251597
1.4   1.5   35   40   0.984343   0.00286447   0.00286447
1.4   1.5   40   45   0.982183   0.00317468   0.00317468
1.4   1.5   45   70   0.981232   0.00112315   0.00112315
1.4   1.5   70   100   0.985953   0.00431058   0.00431058
1.4   1.5   100   500   0.986783   0.00906358   0.00906358
1.5   1.6   -34.5455   10   0   0   0
1.5   1.6   10   19   7.33333   4.90145   4.90145
1.5   1.6   19   23   1.42357   0.100427   0.100427
1.5   1.6   23   25   1.10338   0.065516   0.065516
1.5   1.6   25   27   0.881149   0.0176139   0.0176139
1.5   1.6   27   30   0.920058   0.00589893   0.00589893
1.5   1.6   30   35   0.966457   0.00200017   0.00200017
1.5   1.6   35   40   0.979869   0.0012793   0.0012793
1.5   1.6   40   45   0.982225   0.00257835   0.00257835
1.5   1.6   45   70   0.98373   0.00148251   0.00148251
1.5   1.6   70   100   0.978951   0.0046207   0.0046207
1.5   1.6   100   500   0.971991   0.00796795   0.00796795
1.6   1.7   -34.5455   10   0   0   0
1.6   1.7   10   19   2.33333   2.78901   2.78901
1.6   1.7   19   23   0.950249   0.0660061   0.0660061
1.6   1.7   23   25   0.980461   0.0250519   0.0250519
1.6   1.7   25   27   0.878392   0.0168326   0.0168326
1.6   1.7   27   30   0.931187   0.0050144   0.0050144
1.6   1.7   30   35   0.975984   0.00199505   0.00199505
1.6   1.7   35   40   0.986657   0.00136884   0.00136884
1.6   1.7   40   45   0.988858   0.000852173   0.000852173
1.6   1.7   45   70   0.99281   0.00119028   0.00119028
1.6   1.7   70   100   0.989984   0.00278079   0.00278079
1.6   1.7   100   500   0.993794   0.0102561   0.0102561
1.7   1.8   -34.5455   10   0   0   0
1.7   1.8   10   19   0.5   0.768295   0.768295
1.7   1.8   19   23   0.473354   0.0792157   0.0792157
1.7   1.8   23   25   0.871702   0.0203255   0.0203255
1.7   1.8   25   27   0.873102   0.0143222   0.0143222
1.7   1.8   27   30   0.943507   0.00322842   0.00322842
1.7   1.8   30   35   0.983994   0.00157188   0.00157188
1.7   1.8   35   40   0.99237   0.00111507   0.00111507
1.7   1.8   40   45   0.994283   0.000787929   0.000787929
1.7   1.8   45   70   0.996538   0.00120866   0.00120866
1.7   1.8   70   100   0.998482   0.00376837   0.00376837
1.7   1.8   100   500   0.997369   0.00873927   0.00873927
1.8   1.9   -34.5455   10   0   0   0
1.8   1.9   10   19   1.33333   1.09432   1.09432
1.8   1.9   19   23   0.890909   0.0771759   0.0771759
1.8   1.9   23   25   1.05718   0.0400433   0.0400433
1.8   1.9   25   27   0.975313   0.0149085   0.0149085
1.8   1.9   27   30   0.959865   0.00504859   0.00504859
1.8   1.9   30   35   0.98148   0.00134297   0.00134297
1.8   1.9   35   40   0.988808   0.00198735   0.00198735
1.8   1.9   40   45   0.989822   0.00060949   0.00060949
1.8   1.9   45   70   0.99421   0.000693934   0.000693934
1.8   1.9   70   100   0.995864   0.002288   0.002288
1.8   1.9   100   500   1.00182   0.00274311   0.00274311
1.9   2   -34.5455   10   0   0   0
1.9   2   10   19   0   0   0
1.9   2   19   23   0.988   0.0868083   0.0868083
1.9   2   23   25   1.28531   0.0245146   0.0245146
1.9   2   25   27   1.08073   0.0109053   0.0109053
1.9   2   27   30   0.998573   0.00335749   0.00335749
1.9   2   30   35   0.988136   0.00386749   0.00386749
1.9   2   35   40   0.989872   0.00131288   0.00131288
1.9   2   40   45   0.993163   0.000734431   0.000734431
1.9   2   45   70   0.994813   0.000508236   0.000508236
1.9   2   70   100   0.999089   0.00426027   0.00426027
1.9   2   100   500   1.0003   0.00225558   0.00225558
2   2.1   -34.5455   10   0   0   0
2   2.1   10   19   0   0   0
2   2.1   19   23   1.34839   0.265626   0.265626
2   2.1   23   25   1.5109   0.0442493   0.0442493
2   2.1   25   27   1.15486   0.00793773   0.00793773
2   2.1   27   30   1.0306   0.00419399   0.00419399
2   2.1   30   35   0.999896   0.00244438   0.00244438
2   2.1   35   40   1.00062   0.000798158   0.000798158
2   2.1   40   45   0.999077   0.00224161   0.00224161
2   2.1   45   70   0.99949   0.00181019   0.00181019
2   2.1   70   100   0.998183   0.00372904   0.00372904
2   2.1   100   500   0.997888   0.00251868   0.00251868
2.1   2.2   -34.5455   10   0   0   0
2.1   2.2   10   19   0.5   0.612372   0.612372
2.1   2.2   19   23   1.60294   0.230226   0.230226
2.1   2.2   23   25   1.60971   0.0394748   0.0394748
2.1   2.2   25   27   1.14434   0.0100181   0.0100181
2.1   2.2   27   30   1.00512   0.0057098   0.0057098
2.1   2.2   30   35   0.985177   0.00554948   0.00554948
2.1   2.2   35   40   0.988812   0.0016502   0.0016502
2.1   2.2   40   45   0.990007   0.000883945   0.000883945
2.1   2.2   45   70   0.991399   0.000823193   0.000823193
2.1   2.2   70   100   0.993726   0.0053112   0.0053112
2.1   2.2   100   500   0.998385   0.00347787   0.00347787
2.2   2.3   -34.5455   10   0   0   0
2.2   2.3   10   19   1   1.80278   1.80278
2.2   2.3   19   23   1.44144   0.184889   0.184889
2.2   2.3   23   25   1.54826   0.0412838   0.0412838
2.2   2.3   25   27   1.0904   0.00993634   0.00993634
2.2   2.3   27   30   0.995647   0.00313427   0.00313427
2.2   2.3   30   35   0.988887   0.00196793   0.00196793
2.2   2.3   35   40   0.988806   0.00168371   0.00168371
2.2   2.3   40   45   0.985657   0.000882398   0.000882398
2.2   2.3   45   70   0.984633   0.00091211   0.00091211
2.2   2.3   70   100   0.987447   0.00766689   0.00766689
2.2   2.3   100   500   0.990101   0.0110754   0.0110754
2.3   2.4   -34.5455   10   0   0   0
2.3   2.4   10   19   1   1.87083   1.87083
2.3   2.4   19   23   1.0709   0.172513   0.172513
2.3   2.4   23   25   0.945401   0.0251487   0.0251487
2.3   2.4   25   27   1.0034   0.0310269   0.0310269
2.3   2.4   27   30   1.02848   0.0041705   0.0041705
2.3   2.4   30   35   1.02693   0.00188906   0.00188906
2.3   2.4   35   40   1.01856   0.00129976   0.00129976
2.3   2.4   40   45   1.01122   0.00102084   0.00102084
2.3   2.4   45   70   1.00829   0.000907477   0.000907477
2.3   2.4   70   100   0.996144   0.00856961   0.00856961
2.3   2.4   100   500   1.00303   0.00419031   0.00419031
2.4   2.5   -34.5455   10   0   0   0
2.4   2.5   10   19   2.21622   11.461   11.461
2.4   2.5   19   23   0.854396   0.0373726   0.0373726
2.4   2.5   23   25   0.757349   0.0171674   0.0171674
2.4   2.5   25   27   0.910466   0.0452839   0.0452839
2.4   2.5   27   30   1.031   0.0166493   0.0166493
2.4   2.5   30   35   1.03875   0.00469029   0.00469029
2.4   2.5   35   40   1.03321   0.00767329   0.00767329
2.4   2.5   40   45   1.03461   0.00274283   0.00274283
2.4   2.5   45   70   1.03172   0.00504277   0.00504277
2.4   2.5   70   100   1.0084   0.0447626   0.0447626
2.4   2.5   100   500   1.01051   0.0167238   0.0167238
