0   0.9   15   20   0.989898   0.00387759   0.0114432 
0   0.9   20   25   0.993857   0.00155341   0.0101522 
0   0.9   25   30   0.992781   0.000964974   0.0058573 
0   0.9   30   40   0.995658   0.000233799   0.000720462 
0   0.9   40   50   0.996889   0.00016684   0.000160981 
0   0.9   50   60   0.997322   0.000285633   0.000375191 
0   0.9   60   120   0.999302   0.000371038   0.000311848 
0.9   1.2   15   20   1.00163   0.00507832   0.0108014 
0.9   1.2   20   25   1.00113   0.00299204   0.0075579 
0.9   1.2   25   30   1.00336   0.00164375   0.00828158 
0.9   1.2   30   40   1.00086   0.000467137   0.00102697 
0.9   1.2   40   50   0.998265   0.000298819   0.000163716 
0.9   1.2   50   60   0.999946   0.000499692   0.000850815 
0.9   1.2   60   120   1.00014   0.000652952   0.000599485 
1.2   2.1   15   20   1.00328   0.00249437   0.00635301 
1.2   2.1   20   25   1.00693   0.00143573   0.0054368 
1.2   2.1   25   30   1.00543   0.00084441   0.00422491 
1.2   2.1   30   40   1.00165   0.000311729   0.00099599 
1.2   2.1   40   50   0.999844   0.000174298   8.35421e-05 
1.2   2.1   50   60   0.998969   0.000293089   0.000276686 
1.2   2.1   60   120   0.999916   0.000406045   0.000349382 
2.1   2.4   15   20   1.01421   0.00442215   0.00415446 
2.1   2.4   20   25   1.01024   0.00269229   0.00331485 
2.1   2.4   25   30   1.00452   0.00157834   0.00353933 
2.1   2.4   30   40   1.00334   0.000614284   0.000629545 
2.1   2.4   40   50   1.0014   0.000424663   0.000313669 
2.1   2.4   50   60   1.00186   0.000679193   0.000715754 
2.1   2.4   60   120   1.00086   0.000923776   0.000484606 
