0   0.9   26   30   0.892737   1   1 
0   0.9   30   40   0.916322   1   1 
0   0.9   40   50   0.927292   1   1 
0   0.9   50   60   0.930436   1   1 
0   0.9   60   120   0.929619   1   1 
0   0.9   120   200   0.923426   1   1 
0.9   1.2   26   30   0.877344   1   1 
0.9   1.2   30   40   0.915566   1   1 
0.9   1.2   40   50   0.930226   1   1 
0.9   1.2   50   60   0.934033   1   1 
0.9   1.2   60   120   0.932724   1   1 
0.9   1.2   120   200   0.926308   1   1 
1.2   2.1   26   30   0.826415   1   1 
1.2   2.1   30   40   0.86508   1   1 
1.2   2.1   40   50   0.88431   1   1 
1.2   2.1   50   60   0.888371   1   1 
1.2   2.1   60   120   0.888321   1   1 
1.2   2.1   120   200   0.889861   1   1 
2.1   2.4   26   30   0.721351   1   1 
2.1   2.4   30   40   0.782081   1   1 
2.1   2.4   40   50   0.810324   1   1 
2.1   2.4   50   60   0.815514   1   1 
2.1   2.4   60   120   0.821629   1   1 
2.1   2.4   120   200   0.827297   1   1 
