0   0.9   26   30   0.933854   0.000360188   0.000715499 
0   0.9   30   40   0.950278   0.000139325   7.98681e-05 
0   0.9   40   50   0.959353   0.000116381   1.06122e-05 
0   0.9   50   60   0.960973   0.000246759   3.76285e-05 
0   0.9   60   120   0.96114   0.000351336   2.81697e-05 
0   0.9   120   200   0.955786   0.00169357   0.000323973 
0.9   1.2   26   30   0.926037   0.000753097   0.000556722 
0.9   1.2   30   40   0.954832   0.000257398   0.0001481 
0.9   1.2   40   50   0.967644   0.000187645   1.77597e-05 
0.9   1.2   50   60   0.97129   0.000382098   2.65042e-05 
0.9   1.2   60   120   0.971873   0.000557293   0.000141928 
0.9   1.2   120   200   0.970145   0.00325848   0.000538752 
1.2   2.1   26   30   0.834092   0.000675117   0.00129165 
1.2   2.1   30   40   0.866027   0.000285047   0.000223183 
1.2   2.1   40   50   0.883679   0.00022616   2.53898e-05 
1.2   2.1   50   60   0.889773   0.000474683   4.31332e-05 
1.2   2.1   60   120   0.893981   0.000692113   8.31385e-05 
1.2   2.1   120   200   0.903228   0.0044502   0.00116439 
2.1   2.4   26   30   0.777084   0.0015942   0.00162985 
2.1   2.4   30   40   0.813421   0.000717276   0.000313265 
2.1   2.4   40   50   0.834719   0.00064975   2.86642e-05 
2.1   2.4   50   60   0.842301   0.00134052   7.39815e-05 
2.1   2.4   60   120   0.846554   0.00206238   7.16167e-05 
2.1   2.4   120   200   0.86715   0.01697   0.00148897 
