0   0.9   15   20   0.989898   1   1 
0   0.9   20   25   0.993857   1   1 
0   0.9   25   30   0.992781   1   1 
0   0.9   30   40   0.995658   1   1 
0   0.9   40   50   0.996889   1   1 
0   0.9   50   60   0.997322   1   1 
0   0.9   60   120   0.999302   1   1 
0.9   1.2   15   20   1.00163   1   1 
0.9   1.2   20   25   1.00113   1   1 
0.9   1.2   25   30   1.00336   1   1 
0.9   1.2   30   40   1.00086   1   1 
0.9   1.2   40   50   0.998265   1   1 
0.9   1.2   50   60   0.999946   1   1 
0.9   1.2   60   120   1.00014   1   1 
1.2   2.1   15   20   1.00328   1   1 
1.2   2.1   20   25   1.00693   1   1 
1.2   2.1   25   30   1.00543   1   1 
1.2   2.1   30   40   1.00165   1   1 
1.2   2.1   40   50   0.999844   1   1 
1.2   2.1   50   60   0.998969   1   1 
1.2   2.1   60   120   0.999916   1   1 
2.1   2.4   15   20   1.01421   1   1 
2.1   2.4   20   25   1.01024   1   1 
2.1   2.4   25   30   1.00452   1   1 
2.1   2.4   30   40   1.00334   1   1 
2.1   2.4   40   50   1.0014   1   1 
2.1   2.4   50   60   1.00186   1   1 
2.1   2.4   60   120   1.00086   1   1 
