0   0.9   26   30   0.933854   1   1 
0   0.9   30   40   0.950278   1   1 
0   0.9   40   50   0.959353   1   1 
0   0.9   50   60   0.960973   1   1 
0   0.9   60   120   0.96114   1   1 
0   0.9   120   200   0.955786   1   1 
0.9   1.2   26   30   0.926037   1   1 
0.9   1.2   30   40   0.954832   1   1 
0.9   1.2   40   50   0.967644   1   1 
0.9   1.2   50   60   0.97129   1   1 
0.9   1.2   60   120   0.971873   1   1 
0.9   1.2   120   200   0.970145   1   1 
1.2   2.1   26   30   0.834092   1   1 
1.2   2.1   30   40   0.866027   1   1 
1.2   2.1   40   50   0.883679   1   1 
1.2   2.1   50   60   0.889773   1   1 
1.2   2.1   60   120   0.893981   1   1 
1.2   2.1   120   200   0.903228   1   1 
2.1   2.4   26   30   0.777084   1   1 
2.1   2.4   30   40   0.813421   1   1 
2.1   2.4   40   50   0.834719   1   1 
2.1   2.4   50   60   0.842301   1   1 
2.1   2.4   60   120   0.846554   1   1 
2.1   2.4   120   200   0.86715   1   1 
