0   0.9   15   20   0.989427   1   1 
0   0.9   20   25   0.987626   1   1 
0   0.9   25   30   0.987921   1   1 
0   0.9   30   40   0.986499   1   1 
0   0.9   40   50   0.986726   1   1 
0   0.9   50   60   0.98517   1   1 
0   0.9   60   120   0.984626   1   1 
0.9   1.2   15   20   0.97899   1   1 
0.9   1.2   20   25   0.976582   1   1 
0.9   1.2   25   30   0.981508   1   1 
0.9   1.2   30   40   0.978719   1   1 
0.9   1.2   40   50   0.979246   1   1 
0.9   1.2   50   60   0.979034   1   1 
0.9   1.2   60   120   0.978322   1   1 
1.2   2.1   15   20   0.990123   1   1 
1.2   2.1   20   25   0.989448   1   1 
1.2   2.1   25   30   0.990972   1   1 
1.2   2.1   30   40   0.990504   1   1 
1.2   2.1   40   50   0.991523   1   1 
1.2   2.1   50   60   0.990625   1   1 
1.2   2.1   60   120   0.990495   1   1 
2.1   2.4   15   20   0.975765   1   1 
2.1   2.4   20   25   0.975306   1   1 
2.1   2.4   25   30   0.976102   1   1 
2.1   2.4   30   40   0.975938   1   1 
2.1   2.4   40   50   0.976416   1   1 
2.1   2.4   50   60   0.97201   1   1 
2.1   2.4   60   120   0.96955   1   1 
