0   0.9   26   30   0.892737   0.000399289   0.00111549 
0   0.9   30   40   0.916322   7.05461e-05   0.000238362 
0   0.9   40   50   0.927292   0.000139112   0.000280725 
0   0.9   50   60   0.930436   0.000271777   0.000123874 
0   0.9   60   120   0.929619   0.000374344   0.000622961 
0   0.9   120   200   0.923426   0.00172643   0.000893178 
0.9   1.2   26   30   0.877344   0.000828196   0.000902752 
0.9   1.2   30   40   0.915566   9.23016e-05   0.000227601 
0.9   1.2   40   50   0.930226   0.000246751   0.00034895 
0.9   1.2   50   60   0.934033   0.000477787   0.000230192 
0.9   1.2   60   120   0.932724   0.00067748   0.00068919 
0.9   1.2   120   200   0.926308   0.00416958   0.00377623 
1.2   2.1   26   30   0.826415   0.000600983   0.00142841 
1.2   2.1   30   40   0.86508   0.000249722   0.000672446 
1.2   2.1   40   50   0.88431   0.000205067   0.000577188 
1.2   2.1   50   60   0.888371   0.000396499   0.000176821 
1.2   2.1   60   120   0.888321   0.000560339   0.00125032 
1.2   2.1   120   200   0.889861   0.00374644   0.00255206 
2.1   2.4   26   30   0.721351   0.00151095   0.00110935 
2.1   2.4   30   40   0.782081   0.000674521   0.000792898 
2.1   2.4   40   50   0.810324   0.000630169   0.000785108 
2.1   2.4   50   60   0.815514   0.000559123   0.000418653 
2.1   2.4   60   120   0.821629   0.0017475   0.00297913 
2.1   2.4   120   200   0.827297   0.0162464   0.0180282 
0   0.9   0   26   0   0   0
0.9   1.2   0   26   0   0   0
1.2   2.1   0   26   0   0   0
2.1   2.4   0   26   0   0   0
