0   0.9   0   0.9   0.966676   1   1 
0   0.9   0.9   1.2   0.961222   1   1 
0   0.9   1.2   2.1   0.966286   1   1 
0   0.9   2.1   2.4   0.97302   1   1 
0.9   1.2   0   0.9   0.95999   1   1 
0.9   1.2   0.9   1.2   0.965394   1   1 
0.9   1.2   1.2   2.1   0.958426   1   1 
0.9   1.2   2.1   2.4   0.954594   1   1 
1.2   2.1   0   0.9   0.998132   1   1 
1.2   2.1   0.9   1.2   0.989908   1   1 
1.2   2.1   1.2   2.1   0.988868   1   1 
1.2   2.1   2.1   2.4   0.993907   1   1 
2.1   2.4   0   0.9   0.983379   1   1 
2.1   2.4   0.9   1.2   0.956136   1   1 
2.1   2.4   1.2   2.1   0.982002   1   1 
2.1   2.4   2.1   2.4   0.963165   1   1 
