-5.4 -5.0 9.0 11.0 0.0977 0. 0.
-5.4 -5.0 11.0 13.5 0.0908 0. 0.
-5.4 -5.0 13.5 16.5 0.0828 0. 0.
-5.4 -5.0 16.5 19.5 0.0768 0. 0.
-5.4 -5.0 19.5 22.5 0.0729 0. 0.
-5.4 -5.0 22.5 26.0 0.0703 0. 0.
-5.4 -5.0 26.0 30.0 0.0680 0. 0.
-5.4 -5.0 30.0 34.5 0.0663 0. 0.
-5.4 -5.0 34.5 40.0 0.0644 0. 0.
-5.4 -5.0 40.0 46.0 0.0629 0. 0.
-5.4 -5.0 46.0 52.5 0.0617 0. 0.
-5.4 -5.0 52.5 60.0 0.0608 0. 0.
-5.4 -5.0 60.0 69.0 0.0547 0. 0.
-5.4 -5.0 69.0 79.0 0.0454 0. 0.
-5.4 -5.0 79.0 90.5 0.0374 0. 0.
-5.4 -5.0 90.5 105.5 0.0305 0. 0.
-5.4 -5.0 105.5 123.5 0.0246 0. 0.
-5.4 -5.0 123.5 143.0 0.0223 0. 0.
-5.4 -5.0 143.0 163.5 0.0244 0. 0.
-5.4 -5.0 163.5 185.0 0.0292 0. 0.
-5.4 -5.0 185.0 208.0 0.0351 0. 0.
-5.4 -5.0 208.0 232.5 0.0414 0. 0.
-5.4 -5.0 232.5 258.5 0.0479 0. 0.
-5.4 -5.0 258.5 286.0 0.0522 0. 0.
-5.4 -5.0 286.0 331.0 0.0522 0. 0.
-5.4 -5.0 331.0 396.0 0.0523 0. 0.
-5.4 -5.0 396.0 468.5 0.0525 0. 0.
-5.4 -5.0 468.5 549.5 0.0527 0. 0.
-5.4 -5.0 549.5 639.0 0.0529 0. 0.
-5.4 -5.0 639.0 738.0 0.0531 0. 0.
-5.4 -5.0 738.0 847.5 0.0534 0. 0.
-5.4 -5.0 847.5 968.5 0.0537 0. 0.
-5.4 -5.0 968.5 1102.0 0.0539 0. 0.
-5.4 -5.0 1102.0 1249.5 0.0542 0. 0.
-5.4 -5.0 1249.5 1412.0 0.0545 0. 0.
-5.4 -5.0 1412.0 1590.5 0.0548 0. 0.
-5.4 -5.0 1590.5 1787.0 0.0550 0. 0.
-5.4 -5.0 1787.0 2003.0 0.0553 0. 0.
-5.4 -5.0 2003.0 2241.0 0.0556 0. 0.
-5.4 -5.0 2241.0 2503.0 0.0559 0. 0.
-5.4 -5.0 2503.0 2790.5 0.0562 0. 0.
-5.4 -5.0 2790.5 3107.0 0.0564 0. 0.
-5.4 -5.0 3107.0 3455.0 0.0567 0. 0.
-5.4 -5.0 3455.0 3837.0 0.0570 0. 0.
-5.4 -5.0 3837.0 4257.0 0.0573 0. 0.
-5.4 -5.0 4257.0 4719.0 0.0579 0. 0.
-5.4 -5.0 4719.0 5226.5 0.0598 0. 0.
-5.4 -5.0 5226.5 5784.0 0.0627 0. 0.
-5.4 -5.0 5784.0 6538.0 0.0660 0. 0.
-5.0 -4.4 9.0 11.0 0.0977 0. 0.
-5.0 -4.4 11.0 13.5 0.0908 0. 0.
-5.0 -4.4 13.5 16.5 0.0828 0. 0.
-5.0 -4.4 16.5 19.5 0.0769 0. 0.
-5.0 -4.4 19.5 22.5 0.0730 0. 0.
-5.0 -4.4 22.5 26.0 0.0703 0. 0.
-5.0 -4.4 26.0 30.0 0.0681 0. 0.
-5.0 -4.4 30.0 34.5 0.0663 0. 0.
-5.0 -4.4 34.5 40.0 0.0645 0. 0.
-5.0 -4.4 40.0 46.0 0.0629 0. 0.
-5.0 -4.4 46.0 52.5 0.0617 0. 0.
-5.0 -4.4 52.5 60.0 0.0608 0. 0.
-5.0 -4.4 60.0 69.0 0.0547 0. 0.
-5.0 -4.4 69.0 79.0 0.0454 0. 0.
-5.0 -4.4 79.0 90.5 0.0368 0. 0.
-5.0 -4.4 90.5 105.5 0.0290 0. 0.
-5.0 -4.4 105.5 123.5 0.0224 0. 0.
-5.0 -4.4 123.5 143.0 0.0200 0. 0.
-5.0 -4.4 143.0 163.5 0.0223 0. 0.
-5.0 -4.4 163.5 185.0 0.0274 0. 0.
-5.0 -4.4 185.0 208.0 0.0337 0. 0.
-5.0 -4.4 208.0 232.5 0.0402 0. 0.
-5.0 -4.4 232.5 258.5 0.0468 0. 0.
-5.0 -4.4 258.5 286.0 0.0512 0. 0.
-5.0 -4.4 286.0 331.0 0.0513 0. 0.
-5.0 -4.4 331.0 396.0 0.0514 0. 0.
-5.0 -4.4 396.0 468.5 0.0515 0. 0.
-5.0 -4.4 468.5 549.5 0.0517 0. 0.
-5.0 -4.4 549.5 639.0 0.0520 0. 0.
-5.0 -4.4 639.0 738.0 0.0522 0. 0.
-5.0 -4.4 738.0 847.5 0.0525 0. 0.
-5.0 -4.4 847.5 968.5 0.0527 0. 0.
-5.0 -4.4 968.5 1102.0 0.0530 0. 0.
-5.0 -4.4 1102.0 1249.5 0.0533 0. 0.
-5.0 -4.4 1249.5 1412.0 0.0536 0. 0.
-5.0 -4.4 1412.0 1590.5 0.0538 0. 0.
-5.0 -4.4 1590.5 1787.0 0.0541 0. 0.
-5.0 -4.4 1787.0 2003.0 0.0544 0. 0.
-5.0 -4.4 2003.0 2241.0 0.0547 0. 0.
-5.0 -4.4 2241.0 2503.0 0.0550 0. 0.
-5.0 -4.4 2503.0 2790.5 0.0553 0. 0.
-5.0 -4.4 2790.5 3107.0 0.0556 0. 0.
-5.0 -4.4 3107.0 3455.0 0.0558 0. 0.
-5.0 -4.4 3455.0 3837.0 0.0561 0. 0.
-5.0 -4.4 3837.0 4257.0 0.0564 0. 0.
-5.0 -4.4 4257.0 4719.0 0.0570 0. 0.
-5.0 -4.4 4719.0 5226.5 0.0590 0. 0.
-5.0 -4.4 5226.5 5784.0 0.0619 0. 0.
-5.0 -4.4 5784.0 6538.0 0.0653 0. 0.
-4.4 -4.0 9.0 11.0 0.1061 0. 0.
-4.4 -4.0 11.0 13.5 0.0972 0. 0.
-4.4 -4.0 13.5 16.5 0.0877 0. 0.
-4.4 -4.0 16.5 19.5 0.0804 0. 0.
-4.4 -4.0 19.5 22.5 0.0756 0. 0.
-4.4 -4.0 22.5 26.0 0.0723 0. 0.
-4.4 -4.0 26.0 30.0 0.0695 0. 0.
-4.4 -4.0 30.0 34.5 0.0674 0. 0.
-4.4 -4.0 34.5 40.0 0.0652 0. 0.
-4.4 -4.0 40.0 46.0 0.0634 0. 0.
-4.4 -4.0 46.0 52.5 0.0620 0. 0.
-4.4 -4.0 52.5 60.0 0.0610 0. 0.
-4.4 -4.0 60.0 69.0 0.0549 0. 0.
-4.4 -4.0 69.0 79.0 0.0455 0. 0.
-4.4 -4.0 79.0 90.5 0.0368 0. 0.
-4.4 -4.0 90.5 105.5 0.0290 0. 0.
-4.4 -4.0 105.5 123.5 0.0222 0. 0.
-4.4 -4.0 123.5 143.0 0.0200 0. 0.
-4.4 -4.0 143.0 163.5 0.0234 0. 0.
-4.4 -4.0 163.5 185.0 0.0297 0. 0.
-4.4 -4.0 185.0 208.0 0.0369 0. 0.
-4.4 -4.0 208.0 232.5 0.0436 0. 0.
-4.4 -4.0 232.5 258.5 0.0497 0. 0.
-4.4 -4.0 258.5 286.0 0.0539 0. 0.
-4.4 -4.0 286.0 331.0 0.0539 0. 0.
-4.4 -4.0 331.0 396.0 0.0540 0. 0.
-4.4 -4.0 396.0 468.5 0.0542 0. 0.
-4.4 -4.0 468.5 549.5 0.0544 0. 0.
-4.4 -4.0 549.5 639.0 0.0546 0. 0.
-4.4 -4.0 639.0 738.0 0.0548 0. 0.
-4.4 -4.0 738.0 847.5 0.0551 0. 0.
-4.4 -4.0 847.5 968.5 0.0553 0. 0.
-4.4 -4.0 968.5 1102.0 0.0556 0. 0.
-4.4 -4.0 1102.0 1249.5 0.0559 0. 0.
-4.4 -4.0 1249.5 1412.0 0.0561 0. 0.
-4.4 -4.0 1412.0 1590.5 0.0564 0. 0.
-4.4 -4.0 1590.5 1787.0 0.0567 0. 0.
-4.4 -4.0 1787.0 2003.0 0.0570 0. 0.
-4.4 -4.0 2003.0 2241.0 0.0573 0. 0.
-4.4 -4.0 2241.0 2503.0 0.0575 0. 0.
-4.4 -4.0 2503.0 2790.5 0.0578 0. 0.
-4.4 -4.0 2790.5 3107.0 0.0581 0. 0.
-4.4 -4.0 3107.0 3455.0 0.0584 0. 0.
-4.4 -4.0 3455.0 3837.0 0.0587 0. 0.
-4.4 -4.0 3837.0 4257.0 0.0590 0. 0.
-4.4 -4.0 4257.0 4719.0 0.0595 0. 0.
-4.4 -4.0 4719.0 5226.5 0.0614 0. 0.
-4.4 -4.0 5226.5 5784.0 0.0642 0. 0.
-4.4 -4.0 5784.0 6538.0 0.0675 0. 0.
-4.0 -3.5 9.0 11.0 0.1103 0. 0.
-4.0 -3.5 11.0 13.5 0.0976 0. 0.
-4.0 -3.5 13.5 16.5 0.0849 0. 0.
-4.0 -3.5 16.5 19.5 0.0749 0. 0.
-4.0 -3.5 19.5 22.5 0.0682 0. 0.
-4.0 -3.5 22.5 26.0 0.0635 0. 0.
-4.0 -3.5 26.0 30.0 0.0596 0. 0.
-4.0 -3.5 30.0 34.5 0.0565 0. 0.
-4.0 -3.5 34.5 40.0 0.0536 0. 0.
-4.0 -3.5 40.0 46.0 0.0510 0. 0.
-4.0 -3.5 46.0 52.5 0.0491 0. 0.
-4.0 -3.5 52.5 60.0 0.0476 0. 0.
-4.0 -3.5 60.0 69.0 0.0434 0. 0.
-4.0 -3.5 69.0 79.0 0.0375 0. 0.
-4.0 -3.5 79.0 90.5 0.0321 0. 0.
-4.0 -3.5 90.5 105.5 0.0270 0. 0.
-4.0 -3.5 105.5 123.5 0.0221 0. 0.
-4.0 -3.5 123.5 143.0 0.0186 0. 0.
-4.0 -3.5 143.0 163.5 0.0173 0. 0.
-4.0 -3.5 163.5 185.0 0.0182 0. 0.
-4.0 -3.5 185.0 208.0 0.0207 0. 0.
-4.0 -3.5 208.0 232.5 0.0240 0. 0.
-4.0 -3.5 232.5 258.5 0.0276 0. 0.
-4.0 -3.5 258.5 286.0 0.0314 0. 0.
-4.0 -3.5 286.0 331.0 0.0353 0. 0.
-4.0 -3.5 331.0 396.0 0.0405 0. 0.
-4.0 -3.5 396.0 468.5 0.0434 0. 0.
-4.0 -3.5 468.5 549.5 0.0436 0. 0.
-4.0 -3.5 549.5 639.0 0.0439 0. 0.
-4.0 -3.5 639.0 738.0 0.0442 0. 0.
-4.0 -3.5 738.0 847.5 0.0445 0. 0.
-4.0 -3.5 847.5 968.5 0.0448 0. 0.
-4.0 -3.5 968.5 1102.0 0.0451 0. 0.
-4.0 -3.5 1102.0 1249.5 0.0454 0. 0.
-4.0 -3.5 1249.5 1412.0 0.0457 0. 0.
-4.0 -3.5 1412.0 1590.5 0.0460 0. 0.
-4.0 -3.5 1590.5 1787.0 0.0463 0. 0.
-4.0 -3.5 1787.0 2003.0 0.0467 0. 0.
-4.0 -3.5 2003.0 2241.0 0.0470 0. 0.
-4.0 -3.5 2241.0 2503.0 0.0473 0. 0.
-4.0 -3.5 2503.0 2790.5 0.0476 0. 0.
-4.0 -3.5 2790.5 3107.0 0.0479 0. 0.
-4.0 -3.5 3107.0 3455.0 0.0482 0. 0.
-4.0 -3.5 3455.0 3837.0 0.0486 0. 0.
-4.0 -3.5 3837.0 4257.0 0.0489 0. 0.
-4.0 -3.5 4257.0 4719.0 0.0495 0. 0.
-4.0 -3.5 4719.0 5226.5 0.0518 0. 0.
-4.0 -3.5 5226.5 5784.0 0.0550 0. 0.
-4.0 -3.5 5784.0 6538.0 0.0588 0. 0.
-3.5 -3.0 9.0 11.0 0.1172 0. 0.
-3.5 -3.0 11.0 13.5 0.1051 0. 0.
-3.5 -3.0 13.5 16.5 0.0930 0. 0.
-3.5 -3.0 16.5 19.5 0.0835 0. 0.
-3.5 -3.0 19.5 22.5 0.0772 0. 0.
-3.5 -3.0 22.5 26.0 0.0728 0. 0.
-3.5 -3.0 26.0 30.0 0.0692 0. 0.
-3.5 -3.0 30.0 34.5 0.0664 0. 0.
-3.5 -3.0 34.5 40.0 0.0637 0. 0.
-3.5 -3.0 40.0 46.0 0.0615 0. 0.
-3.5 -3.0 46.0 52.5 0.0598 0. 0.
-3.5 -3.0 52.5 60.0 0.0585 0. 0.
-3.5 -3.0 60.0 69.0 0.0535 0. 0.
-3.5 -3.0 69.0 79.0 0.0468 0. 0.
-3.5 -3.0 79.0 90.5 0.0404 0. 0.
-3.5 -3.0 90.5 105.5 0.0343 0. 0.
-3.5 -3.0 105.5 123.5 0.0278 0. 0.
-3.5 -3.0 123.5 143.0 0.0221 0. 0.
-3.5 -3.0 143.0 163.5 0.0182 0. 0.
-3.5 -3.0 163.5 185.0 0.0168 0. 0.
-3.5 -3.0 185.0 208.0 0.0178 0. 0.
-3.5 -3.0 208.0 232.5 0.0205 0. 0.
-3.5 -3.0 232.5 258.5 0.0241 0. 0.
-3.5 -3.0 258.5 286.0 0.0280 0. 0.
-3.5 -3.0 286.0 331.0 0.0322 0. 0.
-3.5 -3.0 331.0 396.0 0.0386 0. 0.
-3.5 -3.0 396.0 468.5 0.0467 0. 0.
-3.5 -3.0 468.5 549.5 0.0546 0. 0.
-3.5 -3.0 549.5 639.0 0.0613 0. 0.
-3.5 -3.0 639.0 738.0 0.0672 0. 0.
-3.5 -3.0 738.0 847.5 0.0729 0. 0.
-3.5 -3.0 847.5 968.5 0.0732 0. 0.
-3.5 -3.0 968.5 1102.0 0.0734 0. 0.
-3.5 -3.0 1102.0 1249.5 0.0735 0. 0.
-3.5 -3.0 1249.5 1412.0 0.0737 0. 0.
-3.5 -3.0 1412.0 1590.5 0.0739 0. 0.
-3.5 -3.0 1590.5 1787.0 0.0741 0. 0.
-3.5 -3.0 1787.0 2003.0 0.0743 0. 0.
-3.5 -3.0 2003.0 2241.0 0.0745 0. 0.
-3.5 -3.0 2241.0 2503.0 0.0747 0. 0.
-3.5 -3.0 2503.0 2790.5 0.0749 0. 0.
-3.5 -3.0 2790.5 3107.0 0.0751 0. 0.
-3.5 -3.0 3107.0 3455.0 0.0753 0. 0.
-3.5 -3.0 3455.0 3837.0 0.0755 0. 0.
-3.5 -3.0 3837.0 4257.0 0.0757 0. 0.
-3.5 -3.0 4257.0 4719.0 0.0762 0. 0.
-3.5 -3.0 4719.0 5226.5 0.0777 0. 0.
-3.5 -3.0 5226.5 5784.0 0.0799 0. 0.
-3.5 -3.0 5784.0 6538.0 0.0825 0. 0.
-3.0 -2.8 9.0 11.0 0.1511 0. 0.
-3.0 -2.8 11.0 13.5 0.1331 0. 0.
-3.0 -2.8 13.5 16.5 0.1171 0. 0.
-3.0 -2.8 16.5 19.5 0.1050 0. 0.
-3.0 -2.8 19.5 22.5 0.0973 0. 0.
-3.0 -2.8 22.5 26.0 0.0922 0. 0.
-3.0 -2.8 26.0 30.0 0.0881 0. 0.
-3.0 -2.8 30.0 34.5 0.0850 0. 0.
-3.0 -2.8 34.5 40.0 0.0823 0. 0.
-3.0 -2.8 40.0 46.0 0.0802 0. 0.
-3.0 -2.8 46.0 52.5 0.0786 0. 0.
-3.0 -2.8 52.5 60.0 0.0775 0. 0.
-3.0 -2.8 60.0 69.0 0.0713 0. 0.
-3.0 -2.8 69.0 79.0 0.0611 0. 0.
-3.0 -2.8 79.0 90.5 0.0513 0. 0.
-3.0 -2.8 90.5 105.5 0.0417 0. 0.
-3.0 -2.8 105.5 123.5 0.0310 0. 0.
-3.0 -2.8 123.5 143.0 0.0207 0. 0.
-3.0 -2.8 143.0 163.5 0.0131 0. 0.
-3.0 -2.8 163.5 185.0 0.0117 0. 0.
-3.0 -2.8 185.0 208.0 0.0166 0. 0.
-3.0 -2.8 208.0 232.5 0.0236 0. 0.
-3.0 -2.8 232.5 258.5 0.0310 0. 0.
-3.0 -2.8 258.5 286.0 0.0383 0. 0.
-3.0 -2.8 286.0 331.0 0.0455 0. 0.
-3.0 -2.8 331.0 396.0 0.0559 0. 0.
-3.0 -2.8 396.0 468.5 0.0688 0. 0.
-3.0 -2.8 468.5 549.5 0.0810 0. 0.
-3.0 -2.8 549.5 639.0 0.0927 0. 0.
-3.0 -2.8 639.0 738.0 0.0975 0. 0.
-3.0 -2.8 738.0 847.5 0.0976 0. 0.
-3.0 -2.8 847.5 968.5 0.0977 0. 0.
-3.0 -2.8 968.5 1102.0 0.0979 0. 0.
-3.0 -2.8 1102.0 1249.5 0.0980 0. 0.
-3.0 -2.8 1249.5 1412.0 0.0982 0. 0.
-3.0 -2.8 1412.0 1590.5 0.0983 0. 0.
-3.0 -2.8 1590.5 1787.0 0.0985 0. 0.
-3.0 -2.8 1787.0 2003.0 0.0986 0. 0.
-3.0 -2.8 2003.0 2241.0 0.0988 0. 0.
-3.0 -2.8 2241.0 2503.0 0.0989 0. 0.
-3.0 -2.8 2503.0 2790.5 0.0991 0. 0.
-3.0 -2.8 2790.5 3107.0 0.0992 0. 0.
-3.0 -2.8 3107.0 3455.0 0.0994 0. 0.
-3.0 -2.8 3455.0 3837.0 0.0995 0. 0.
-3.0 -2.8 3837.0 4257.0 0.0997 0. 0.
-3.0 -2.8 4257.0 4719.0 0.1001 0. 0.
-3.0 -2.8 4719.0 5226.5 0.1012 0. 0.
-3.0 -2.8 5226.5 5784.0 0.1029 0. 0.
-3.0 -2.8 5784.0 6538.0 0.1050 0. 0.
-2.8 -2.6 9.0 11.0 0.1540 0. 0.
-2.8 -2.6 11.0 13.5 0.1300 0. 0.
-2.8 -2.6 13.5 16.5 0.1084 0. 0.
-2.8 -2.6 16.5 19.5 0.0914 0. 0.
-2.8 -2.6 19.5 22.5 0.0800 0. 0.
-2.8 -2.6 22.5 26.0 0.0720 0. 0.
-2.8 -2.6 26.0 30.0 0.0654 0. 0.
-2.8 -2.6 30.0 34.5 0.0602 0. 0.
-2.8 -2.6 34.5 40.0 0.0557 0. 0.
-2.8 -2.6 40.0 46.0 0.0519 0. 0.
-2.8 -2.6 46.0 52.5 0.0491 0. 0.
-2.8 -2.6 52.5 60.0 0.0471 0. 0.
-2.8 -2.6 60.0 69.0 0.0429 0. 0.
-2.8 -2.6 69.0 79.0 0.0368 0. 0.
-2.8 -2.6 79.0 90.5 0.0312 0. 0.
-2.8 -2.6 90.5 105.5 0.0257 0. 0.
-2.8 -2.6 105.5 123.5 0.0199 0. 0.
-2.8 -2.6 123.5 143.0 0.0145 0. 0.
-2.8 -2.6 143.0 163.5 0.0107 0. 0.
-2.8 -2.6 163.5 185.0 0.0096 0. 0.
-2.8 -2.6 185.0 208.0 0.0110 0. 0.
-2.8 -2.6 208.0 232.5 0.0140 0. 0.
-2.8 -2.6 232.5 258.5 0.0175 0. 0.
-2.8 -2.6 258.5 286.0 0.0213 0. 0.
-2.8 -2.6 286.0 331.0 0.0250 0. 0.
-2.8 -2.6 331.0 396.0 0.0305 0. 0.
-2.8 -2.6 396.0 468.5 0.0374 0. 0.
-2.8 -2.6 468.5 549.5 0.0439 0. 0.
-2.8 -2.6 549.5 639.0 0.0502 0. 0.
-2.8 -2.6 639.0 738.0 0.0562 0. 0.
-2.8 -2.6 738.0 847.5 0.0619 0. 0.
-2.8 -2.6 847.5 968.5 0.0654 0. 0.
-2.8 -2.6 968.5 1102.0 0.0657 0. 0.
-2.8 -2.6 1102.0 1249.5 0.0659 0. 0.
-2.8 -2.6 1249.5 1412.0 0.0661 0. 0.
-2.8 -2.6 1412.0 1590.5 0.0664 0. 0.
-2.8 -2.6 1590.5 1787.0 0.0666 0. 0.
-2.8 -2.6 1787.0 2003.0 0.0669 0. 0.
-2.8 -2.6 2003.0 2241.0 0.0672 0. 0.
-2.8 -2.6 2241.0 2503.0 0.0674 0. 0.
-2.8 -2.6 2503.0 2790.5 0.0677 0. 0.
-2.8 -2.6 2790.5 3107.0 0.0680 0. 0.
-2.8 -2.6 3107.0 3455.0 0.0682 0. 0.
-2.8 -2.6 3455.0 3837.0 0.0685 0. 0.
-2.8 -2.6 3837.0 4257.0 0.0688 0. 0.
-2.8 -2.6 4257.0 4719.0 0.0693 0. 0.
-2.8 -2.6 4719.0 5226.5 0.0710 0. 0.
-2.8 -2.6 5226.5 5784.0 0.0735 0. 0.
-2.8 -2.6 5784.0 6538.0 0.0764 0. 0.
-2.6 -2.4 9.0 11.0 0.1340 0. 0.
-2.6 -2.4 11.0 13.5 0.1127 0. 0.
-2.6 -2.4 13.5 16.5 0.0928 0. 0.
-2.6 -2.4 16.5 19.5 0.0769 0. 0.
-2.6 -2.4 19.5 22.5 0.0659 0. 0.
-2.6 -2.4 22.5 26.0 0.0580 0. 0.
-2.6 -2.4 26.0 30.0 0.0512 0. 0.
-2.6 -2.4 30.0 34.5 0.0455 0. 0.
-2.6 -2.4 34.5 40.0 0.0403 0. 0.
-2.6 -2.4 40.0 46.0 0.0356 0. 0.
-2.6 -2.4 46.0 52.5 0.0319 0. 0.
-2.6 -2.4 52.5 60.0 0.0290 0. 0.
-2.6 -2.4 60.0 69.0 0.0259 0. 0.
-2.6 -2.4 69.0 79.0 0.0226 0. 0.
-2.6 -2.4 79.0 90.5 0.0198 0. 0.
-2.6 -2.4 90.5 105.5 0.0171 0. 0.
-2.6 -2.4 105.5 123.5 0.0144 0. 0.
-2.6 -2.4 123.5 143.0 0.0120 0. 0.
-2.6 -2.4 143.0 163.5 0.0100 0. 0.
-2.6 -2.4 163.5 185.0 0.0085 0. 0.
-2.6 -2.4 185.0 208.0 0.0076 0. 0.
-2.6 -2.4 208.0 232.5 0.0072 0. 0.
-2.6 -2.4 232.5 258.5 0.0073 0. 0.
-2.6 -2.4 258.5 286.0 0.0077 0. 0.
-2.6 -2.4 286.0 331.0 0.0085 0. 0.
-2.6 -2.4 331.0 396.0 0.0099 0. 0.
-2.6 -2.4 396.0 468.5 0.0119 0. 0.
-2.6 -2.4 468.5 549.5 0.0141 0. 0.
-2.6 -2.4 549.5 639.0 0.0162 0. 0.
-2.6 -2.4 639.0 738.0 0.0183 0. 0.
-2.6 -2.4 738.0 847.5 0.0203 0. 0.
-2.6 -2.4 847.5 968.5 0.0222 0. 0.
-2.6 -2.4 968.5 1102.0 0.0240 0. 0.
-2.6 -2.4 1102.0 1249.5 0.0251 0. 0.
-2.6 -2.4 1249.5 1412.0 0.0257 0. 0.
-2.6 -2.4 1412.0 1590.5 0.0263 0. 0.
-2.6 -2.4 1590.5 1787.0 0.0268 0. 0.
-2.6 -2.4 1787.0 2003.0 0.0274 0. 0.
-2.6 -2.4 2003.0 2241.0 0.0280 0. 0.
-2.6 -2.4 2241.0 2503.0 0.0286 0. 0.
-2.6 -2.4 2503.0 2790.5 0.0291 0. 0.
-2.6 -2.4 2790.5 3107.0 0.0297 0. 0.
-2.6 -2.4 3107.0 3455.0 0.0303 0. 0.
-2.6 -2.4 3455.0 3837.0 0.0308 0. 0.
-2.6 -2.4 3837.0 4257.0 0.0314 0. 0.
-2.6 -2.4 4257.0 4719.0 0.0324 0. 0.
-2.6 -2.4 4719.0 5226.5 0.0358 0. 0.
-2.6 -2.4 5226.5 5784.0 0.0405 0. 0.
-2.6 -2.4 5784.0 6538.0 0.0455 0. 0.
-2.4 -2.2 9.0 11.0 0.1217 0. 0.
-2.4 -2.2 11.0 13.5 0.1046 0. 0.
-2.4 -2.2 13.5 16.5 0.0875 0. 0.
-2.4 -2.2 16.5 19.5 0.0733 0. 0.
-2.4 -2.2 19.5 22.5 0.0631 0. 0.
-2.4 -2.2 22.5 26.0 0.0555 0. 0.
-2.4 -2.2 26.0 30.0 0.0488 0. 0.
-2.4 -2.2 30.0 34.5 0.0430 0. 0.
-2.4 -2.2 34.5 40.0 0.0374 0. 0.
-2.4 -2.2 40.0 46.0 0.0322 0. 0.
-2.4 -2.2 46.0 52.5 0.0280 0. 0.
-2.4 -2.2 52.5 60.0 0.0245 0. 0.
-2.4 -2.2 60.0 69.0 0.0214 0. 0.
-2.4 -2.2 69.0 79.0 0.0185 0. 0.
-2.4 -2.2 79.0 90.5 0.0160 0. 0.
-2.4 -2.2 90.5 105.5 0.0138 0. 0.
-2.4 -2.2 105.5 123.5 0.0118 0. 0.
-2.4 -2.2 123.5 143.0 0.0100 0. 0.
-2.4 -2.2 143.0 163.5 0.0087 0. 0.
-2.4 -2.2 163.5 185.0 0.0079 0. 0.
-2.4 -2.2 185.0 208.0 0.0073 0. 0.
-2.4 -2.2 208.0 232.5 0.0071 0. 0.
-2.4 -2.2 232.5 258.5 0.0071 0. 0.
-2.4 -2.2 258.5 286.0 0.0073 0. 0.
-2.4 -2.2 286.0 331.0 0.0076 0. 0.
-2.4 -2.2 331.0 396.0 0.0082 0. 0.
-2.4 -2.2 396.0 468.5 0.0092 0. 0.
-2.4 -2.2 468.5 549.5 0.0102 0. 0.
-2.4 -2.2 549.5 639.0 0.0113 0. 0.
-2.4 -2.2 639.0 738.0 0.0124 0. 0.
-2.4 -2.2 738.0 847.5 0.0134 0. 0.
-2.4 -2.2 847.5 968.5 0.0144 0. 0.
-2.4 -2.2 968.5 1102.0 0.0154 0. 0.
-2.4 -2.2 1102.0 1249.5 0.0163 0. 0.
-2.4 -2.2 1249.5 1412.0 0.0172 0. 0.
-2.4 -2.2 1412.0 1590.5 0.0180 0. 0.
-2.4 -2.2 1590.5 1787.0 0.0188 0. 0.
-2.4 -2.2 1787.0 2003.0 0.0196 0. 0.
-2.4 -2.2 2003.0 2241.0 0.0204 0. 0.
-2.4 -2.2 2241.0 2503.0 0.0212 0. 0.
-2.4 -2.2 2503.0 2790.5 0.0219 0. 0.
-2.4 -2.2 2790.5 3107.0 0.0227 0. 0.
-2.4 -2.2 3107.0 3455.0 0.0234 0. 0.
-2.4 -2.2 3455.0 3837.0 0.0241 0. 0.
-2.4 -2.2 3837.0 4257.0 0.0248 0. 0.
-2.4 -2.2 4257.0 4719.0 0.0261 0. 0.
-2.4 -2.2 4719.0 5226.5 0.0302 0. 0.
-2.4 -2.2 5226.5 5784.0 0.0356 0. 0.
-2.4 -2.2 5784.0 6538.0 0.0413 0. 0.
-2.2 -2.0 9.0 11.0 0.1075 0. 0.
-2.2 -2.0 11.0 13.5 0.0940 0. 0.
-2.2 -2.0 13.5 16.5 0.0796 0. 0.
-2.2 -2.0 16.5 19.5 0.0675 0. 0.
-2.2 -2.0 19.5 22.5 0.0587 0. 0.
-2.2 -2.0 22.5 26.0 0.0521 0. 0.
-2.2 -2.0 26.0 30.0 0.0462 0. 0.
-2.2 -2.0 30.0 34.5 0.0411 0. 0.
-2.2 -2.0 34.5 40.0 0.0360 0. 0.
-2.2 -2.0 40.0 46.0 0.0313 0. 0.
-2.2 -2.0 46.0 52.5 0.0273 0. 0.
-2.2 -2.0 52.5 60.0 0.0241 0. 0.
-2.2 -2.0 60.0 69.0 0.0211 0. 0.
-2.2 -2.0 69.0 79.0 0.0184 0. 0.
-2.2 -2.0 79.0 90.5 0.0160 0. 0.
-2.2 -2.0 90.5 105.5 0.0139 0. 0.
-2.2 -2.0 105.5 123.5 0.0118 0. 0.
-2.2 -2.0 123.5 143.0 0.0100 0. 0.
-2.2 -2.0 143.0 163.5 0.0087 0. 0.
-2.2 -2.0 163.5 185.0 0.0078 0. 0.
-2.2 -2.0 185.0 208.0 0.0073 0. 0.
-2.2 -2.0 208.0 232.5 0.0070 0. 0.
-2.2 -2.0 232.5 258.5 0.0070 0. 0.
-2.2 -2.0 258.5 286.0 0.0072 0. 0.
-2.2 -2.0 286.0 331.0 0.0076 0. 0.
-2.2 -2.0 331.0 396.0 0.0082 0. 0.
-2.2 -2.0 396.0 468.5 0.0093 0. 0.
-2.2 -2.0 468.5 549.5 0.0104 0. 0.
-2.2 -2.0 549.5 639.0 0.0115 0. 0.
-2.2 -2.0 639.0 738.0 0.0126 0. 0.
-2.2 -2.0 738.0 847.5 0.0137 0. 0.
-2.2 -2.0 847.5 968.5 0.0149 0. 0.
-2.2 -2.0 968.5 1102.0 0.0159 0. 0.
-2.2 -2.0 1102.0 1249.5 0.0169 0. 0.
-2.2 -2.0 1249.5 1412.0 0.0178 0. 0.
-2.2 -2.0 1412.0 1590.5 0.0186 0. 0.
-2.2 -2.0 1590.5 1787.0 0.0193 0. 0.
-2.2 -2.0 1787.0 2003.0 0.0201 0. 0.
-2.2 -2.0 2003.0 2241.0 0.0208 0. 0.
-2.2 -2.0 2241.0 2503.0 0.0215 0. 0.
-2.2 -2.0 2503.0 2790.5 0.0222 0. 0.
-2.2 -2.0 2790.5 3107.0 0.0229 0. 0.
-2.2 -2.0 3107.0 3455.0 0.0236 0. 0.
-2.2 -2.0 3455.0 3837.0 0.0242 0. 0.
-2.2 -2.0 3837.0 4257.0 0.0249 0. 0.
-2.2 -2.0 4257.0 4719.0 0.0262 0. 0.
-2.2 -2.0 4719.0 5226.5 0.0302 0. 0.
-2.2 -2.0 5226.5 5784.0 0.0356 0. 0.
-2.2 -2.0 5784.0 6538.0 0.0412 0. 0.
-2.0 -1.8 9.0 11.0 0.0910 0. 0.
-2.0 -1.8 11.0 13.5 0.0826 0. 0.
-2.0 -1.8 13.5 16.5 0.0718 0. 0.
-2.0 -1.8 16.5 19.5 0.0623 0. 0.
-2.0 -1.8 19.5 22.5 0.0551 0. 0.
-2.0 -1.8 22.5 26.0 0.0496 0. 0.
-2.0 -1.8 26.0 30.0 0.0445 0. 0.
-2.0 -1.8 30.0 34.5 0.0400 0. 0.
-2.0 -1.8 34.5 40.0 0.0354 0. 0.
-2.0 -1.8 40.0 46.0 0.0311 0. 0.
-2.0 -1.8 46.0 52.5 0.0273 0. 0.
-2.0 -1.8 52.5 60.0 0.0242 0. 0.
-2.0 -1.8 60.0 69.0 0.0214 0. 0.
-2.0 -1.8 69.0 79.0 0.0187 0. 0.
-2.0 -1.8 79.0 90.5 0.0163 0. 0.
-2.0 -1.8 90.5 105.5 0.0142 0. 0.
-2.0 -1.8 105.5 123.5 0.0121 0. 0.
-2.0 -1.8 123.5 143.0 0.0103 0. 0.
-2.0 -1.8 143.0 163.5 0.0089 0. 0.
-2.0 -1.8 163.5 185.0 0.0080 0. 0.
-2.0 -1.8 185.0 208.0 0.0074 0. 0.
-2.0 -1.8 208.0 232.5 0.0071 0. 0.
-2.0 -1.8 232.5 258.5 0.0070 0. 0.
-2.0 -1.8 258.5 286.0 0.0071 0. 0.
-2.0 -1.8 286.0 331.0 0.0074 0. 0.
-2.0 -1.8 331.0 396.0 0.0080 0. 0.
-2.0 -1.8 396.0 468.5 0.0090 0. 0.
-2.0 -1.8 468.5 549.5 0.0100 0. 0.
-2.0 -1.8 549.5 639.0 0.0111 0. 0.
-2.0 -1.8 639.0 738.0 0.0121 0. 0.
-2.0 -1.8 738.0 847.5 0.0131 0. 0.
-2.0 -1.8 847.5 968.5 0.0141 0. 0.
-2.0 -1.8 968.5 1102.0 0.0151 0. 0.
-2.0 -1.8 1102.0 1249.5 0.0160 0. 0.
-2.0 -1.8 1249.5 1412.0 0.0169 0. 0.
-2.0 -1.8 1412.0 1590.5 0.0178 0. 0.
-2.0 -1.8 1590.5 1787.0 0.0187 0. 0.
-2.0 -1.8 1787.0 2003.0 0.0194 0. 0.
-2.0 -1.8 2003.0 2241.0 0.0202 0. 0.
-2.0 -1.8 2241.0 2503.0 0.0209 0. 0.
-2.0 -1.8 2503.0 2790.5 0.0216 0. 0.
-2.0 -1.8 2790.5 3107.0 0.0223 0. 0.
-2.0 -1.8 3107.0 3455.0 0.0230 0. 0.
-2.0 -1.8 3455.0 3837.0 0.0237 0. 0.
-2.0 -1.8 3837.0 4257.0 0.0244 0. 0.
-2.0 -1.8 4257.0 4719.0 0.0257 0. 0.
-2.0 -1.8 4719.0 5226.5 0.0298 0. 0.
-2.0 -1.8 5226.5 5784.0 0.0352 0. 0.
-2.0 -1.8 5784.0 6538.0 0.0409 0. 0.
-1.8 -1.6 9.0 11.0 0.0804 0. 0.
-1.8 -1.6 11.0 13.5 0.0735 0. 0.
-1.8 -1.6 13.5 16.5 0.0640 0. 0.
-1.8 -1.6 16.5 19.5 0.0558 0. 0.
-1.8 -1.6 19.5 22.5 0.0497 0. 0.
-1.8 -1.6 22.5 26.0 0.0450 0. 0.
-1.8 -1.6 26.0 30.0 0.0408 0. 0.
-1.8 -1.6 30.0 34.5 0.0370 0. 0.
-1.8 -1.6 34.5 40.0 0.0330 0. 0.
-1.8 -1.6 40.0 46.0 0.0291 0. 0.
-1.8 -1.6 46.0 52.5 0.0259 0. 0.
-1.8 -1.6 52.5 60.0 0.0231 0. 0.
-1.8 -1.6 60.0 69.0 0.0206 0. 0.
-1.8 -1.6 69.0 79.0 0.0182 0. 0.
-1.8 -1.6 79.0 90.5 0.0160 0. 0.
-1.8 -1.6 90.5 105.5 0.0140 0. 0.
-1.8 -1.6 105.5 123.5 0.0120 0. 0.
-1.8 -1.6 123.5 143.0 0.0103 0. 0.
-1.8 -1.6 143.0 163.5 0.0089 0. 0.
-1.8 -1.6 163.5 185.0 0.0079 0. 0.
-1.8 -1.6 185.0 208.0 0.0073 0. 0.
-1.8 -1.6 208.0 232.5 0.0069 0. 0.
-1.8 -1.6 232.5 258.5 0.0069 0. 0.
-1.8 -1.6 258.5 286.0 0.0070 0. 0.
-1.8 -1.6 286.0 331.0 0.0072 0. 0.
-1.8 -1.6 331.0 396.0 0.0079 0. 0.
-1.8 -1.6 396.0 468.5 0.0089 0. 0.
-1.8 -1.6 468.5 549.5 0.0100 0. 0.
-1.8 -1.6 549.5 639.0 0.0111 0. 0.
-1.8 -1.6 639.0 738.0 0.0122 0. 0.
-1.8 -1.6 738.0 847.5 0.0132 0. 0.
-1.8 -1.6 847.5 968.5 0.0142 0. 0.
-1.8 -1.6 968.5 1102.0 0.0152 0. 0.
-1.8 -1.6 1102.0 1249.5 0.0162 0. 0.
-1.8 -1.6 1249.5 1412.0 0.0171 0. 0.
-1.8 -1.6 1412.0 1590.5 0.0180 0. 0.
-1.8 -1.6 1590.5 1787.0 0.0188 0. 0.
-1.8 -1.6 1787.0 2003.0 0.0196 0. 0.
-1.8 -1.6 2003.0 2241.0 0.0203 0. 0.
-1.8 -1.6 2241.0 2503.0 0.0210 0. 0.
-1.8 -1.6 2503.0 2790.5 0.0217 0. 0.
-1.8 -1.6 2790.5 3107.0 0.0223 0. 0.
-1.8 -1.6 3107.0 3455.0 0.0230 0. 0.
-1.8 -1.6 3455.0 3837.0 0.0236 0. 0.
-1.8 -1.6 3837.0 4257.0 0.0242 0. 0.
-1.8 -1.6 4257.0 4719.0 0.0256 0. 0.
-1.8 -1.6 4719.0 5226.5 0.0297 0. 0.
-1.8 -1.6 5226.5 5784.0 0.0351 0. 0.
-1.8 -1.6 5784.0 6538.0 0.0407 0. 0.
-1.6 -1.4 9.0 11.0 0.0752 0. 0.
-1.6 -1.4 11.0 13.5 0.0694 0. 0.
-1.6 -1.4 13.5 16.5 0.0606 0. 0.
-1.6 -1.4 16.5 19.5 0.0531 0. 0.
-1.6 -1.4 19.5 22.5 0.0475 0. 0.
-1.6 -1.4 22.5 26.0 0.0432 0. 0.
-1.6 -1.4 26.0 30.0 0.0393 0. 0.
-1.6 -1.4 30.0 34.5 0.0358 0. 0.
-1.6 -1.4 34.5 40.0 0.0320 0. 0.
-1.6 -1.4 40.0 46.0 0.0284 0. 0.
-1.6 -1.4 46.0 52.5 0.0253 0. 0.
-1.6 -1.4 52.5 60.0 0.0226 0. 0.
-1.6 -1.4 60.0 69.0 0.0202 0. 0.
-1.6 -1.4 69.0 79.0 0.0178 0. 0.
-1.6 -1.4 79.0 90.5 0.0158 0. 0.
-1.6 -1.4 90.5 105.5 0.0138 0. 0.
-1.6 -1.4 105.5 123.5 0.0119 0. 0.
-1.6 -1.4 123.5 143.0 0.0101 0. 0.
-1.6 -1.4 143.0 163.5 0.0088 0. 0.
-1.6 -1.4 163.5 185.0 0.0078 0. 0.
-1.6 -1.4 185.0 208.0 0.0072 0. 0.
-1.6 -1.4 208.0 232.5 0.0068 0. 0.
-1.6 -1.4 232.5 258.5 0.0068 0. 0.
-1.6 -1.4 258.5 286.0 0.0069 0. 0.
-1.6 -1.4 286.0 331.0 0.0072 0. 0.
-1.6 -1.4 331.0 396.0 0.0078 0. 0.
-1.6 -1.4 396.0 468.5 0.0089 0. 0.
-1.6 -1.4 468.5 549.5 0.0100 0. 0.
-1.6 -1.4 549.5 639.0 0.0111 0. 0.
-1.6 -1.4 639.0 738.0 0.0122 0. 0.
-1.6 -1.4 738.0 847.5 0.0133 0. 0.
-1.6 -1.4 847.5 968.5 0.0144 0. 0.
-1.6 -1.4 968.5 1102.0 0.0154 0. 0.
-1.6 -1.4 1102.0 1249.5 0.0163 0. 0.
-1.6 -1.4 1249.5 1412.0 0.0172 0. 0.
-1.6 -1.4 1412.0 1590.5 0.0181 0. 0.
-1.6 -1.4 1590.5 1787.0 0.0190 0. 0.
-1.6 -1.4 1787.0 2003.0 0.0198 0. 0.
-1.6 -1.4 2003.0 2241.0 0.0205 0. 0.
-1.6 -1.4 2241.0 2503.0 0.0212 0. 0.
-1.6 -1.4 2503.0 2790.5 0.0219 0. 0.
-1.6 -1.4 2790.5 3107.0 0.0226 0. 0.
-1.6 -1.4 3107.0 3455.0 0.0232 0. 0.
-1.6 -1.4 3455.0 3837.0 0.0238 0. 0.
-1.6 -1.4 3837.0 4257.0 0.0244 0. 0.
-1.6 -1.4 4257.0 4719.0 0.0258 0. 0.
-1.6 -1.4 4719.0 5226.5 0.0298 0. 0.
-1.6 -1.4 5226.5 5784.0 0.0352 0. 0.
-1.6 -1.4 5784.0 6538.0 0.0409 0. 0.
-1.4 -1.2 9.0 11.0 0.0772 0. 0.
-1.4 -1.2 11.0 13.5 0.0704 0. 0.
-1.4 -1.2 13.5 16.5 0.0610 0. 0.
-1.4 -1.2 16.5 19.5 0.0530 0. 0.
-1.4 -1.2 19.5 22.5 0.0473 0. 0.
-1.4 -1.2 22.5 26.0 0.0429 0. 0.
-1.4 -1.2 26.0 30.0 0.0390 0. 0.
-1.4 -1.2 30.0 34.5 0.0355 0. 0.
-1.4 -1.2 34.5 40.0 0.0318 0. 0.
-1.4 -1.2 40.0 46.0 0.0282 0. 0.
-1.4 -1.2 46.0 52.5 0.0252 0. 0.
-1.4 -1.2 52.5 60.0 0.0226 0. 0.
-1.4 -1.2 60.0 69.0 0.0202 0. 0.
-1.4 -1.2 69.0 79.0 0.0179 0. 0.
-1.4 -1.2 79.0 90.5 0.0159 0. 0.
-1.4 -1.2 90.5 105.5 0.0140 0. 0.
-1.4 -1.2 105.5 123.5 0.0120 0. 0.
-1.4 -1.2 123.5 143.0 0.0103 0. 0.
-1.4 -1.2 143.0 163.5 0.0089 0. 0.
-1.4 -1.2 163.5 185.0 0.0079 0. 0.
-1.4 -1.2 185.0 208.0 0.0072 0. 0.
-1.4 -1.2 208.0 232.5 0.0069 0. 0.
-1.4 -1.2 232.5 258.5 0.0067 0. 0.
-1.4 -1.2 258.5 286.0 0.0068 0. 0.
-1.4 -1.2 286.0 331.0 0.0071 0. 0.
-1.4 -1.2 331.0 396.0 0.0077 0. 0.
-1.4 -1.2 396.0 468.5 0.0087 0. 0.
-1.4 -1.2 468.5 549.5 0.0099 0. 0.
-1.4 -1.2 549.5 639.0 0.0110 0. 0.
-1.4 -1.2 639.0 738.0 0.0121 0. 0.
-1.4 -1.2 738.0 847.5 0.0132 0. 0.
-1.4 -1.2 847.5 968.5 0.0143 0. 0.
-1.4 -1.2 968.5 1102.0 0.0153 0. 0.
-1.4 -1.2 1102.0 1249.5 0.0163 0. 0.
-1.4 -1.2 1249.5 1412.0 0.0172 0. 0.
-1.4 -1.2 1412.0 1590.5 0.0181 0. 0.
-1.4 -1.2 1590.5 1787.0 0.0190 0. 0.
-1.4 -1.2 1787.0 2003.0 0.0198 0. 0.
-1.4 -1.2 2003.0 2241.0 0.0207 0. 0.
-1.4 -1.2 2241.0 2503.0 0.0214 0. 0.
-1.4 -1.2 2503.0 2790.5 0.0221 0. 0.
-1.4 -1.2 2790.5 3107.0 0.0228 0. 0.
-1.4 -1.2 3107.0 3455.0 0.0234 0. 0.
-1.4 -1.2 3455.0 3837.0 0.0240 0. 0.
-1.4 -1.2 3837.0 4257.0 0.0247 0. 0.
-1.4 -1.2 4257.0 4719.0 0.0260 0. 0.
-1.4 -1.2 4719.0 5226.5 0.0300 0. 0.
-1.4 -1.2 5226.5 5784.0 0.0354 0. 0.
-1.4 -1.2 5784.0 6538.0 0.0410 0. 0.
-1.2 -1.0 9.0 11.0 0.0772 0. 0.
-1.2 -1.0 11.0 13.5 0.0703 0. 0.
-1.2 -1.0 13.5 16.5 0.0609 0. 0.
-1.2 -1.0 16.5 19.5 0.0530 0. 0.
-1.2 -1.0 19.5 22.5 0.0472 0. 0.
-1.2 -1.0 22.5 26.0 0.0429 0. 0.
-1.2 -1.0 26.0 30.0 0.0389 0. 0.
-1.2 -1.0 30.0 34.5 0.0355 0. 0.
-1.2 -1.0 34.5 40.0 0.0317 0. 0.
-1.2 -1.0 40.0 46.0 0.0282 0. 0.
-1.2 -1.0 46.0 52.5 0.0251 0. 0.
-1.2 -1.0 52.5 60.0 0.0226 0. 0.
-1.2 -1.0 60.0 69.0 0.0202 0. 0.
-1.2 -1.0 69.0 79.0 0.0179 0. 0.
-1.2 -1.0 79.0 90.5 0.0159 0. 0.
-1.2 -1.0 90.5 105.5 0.0140 0. 0.
-1.2 -1.0 105.5 123.5 0.0120 0. 0.
-1.2 -1.0 123.5 143.0 0.0103 0. 0.
-1.2 -1.0 143.0 163.5 0.0089 0. 0.
-1.2 -1.0 163.5 185.0 0.0079 0. 0.
-1.2 -1.0 185.0 208.0 0.0072 0. 0.
-1.2 -1.0 208.0 232.5 0.0069 0. 0.
-1.2 -1.0 232.5 258.5 0.0067 0. 0.
-1.2 -1.0 258.5 286.0 0.0068 0. 0.
-1.2 -1.0 286.0 331.0 0.0071 0. 0.
-1.2 -1.0 331.0 396.0 0.0077 0. 0.
-1.2 -1.0 396.0 468.5 0.0087 0. 0.
-1.2 -1.0 468.5 549.5 0.0099 0. 0.
-1.2 -1.0 549.5 639.0 0.0110 0. 0.
-1.2 -1.0 639.0 738.0 0.0121 0. 0.
-1.2 -1.0 738.0 847.5 0.0132 0. 0.
-1.2 -1.0 847.5 968.5 0.0143 0. 0.
-1.2 -1.0 968.5 1102.0 0.0153 0. 0.
-1.2 -1.0 1102.0 1249.5 0.0163 0. 0.
-1.2 -1.0 1249.5 1412.0 0.0172 0. 0.
-1.2 -1.0 1412.0 1590.5 0.0181 0. 0.
-1.2 -1.0 1590.5 1787.0 0.0190 0. 0.
-1.2 -1.0 1787.0 2003.0 0.0198 0. 0.
-1.2 -1.0 2003.0 2241.0 0.0207 0. 0.
-1.2 -1.0 2241.0 2503.0 0.0214 0. 0.
-1.2 -1.0 2503.0 2790.5 0.0221 0. 0.
-1.2 -1.0 2790.5 3107.0 0.0228 0. 0.
-1.2 -1.0 3107.0 3455.0 0.0234 0. 0.
-1.2 -1.0 3455.0 3837.0 0.0241 0. 0.
-1.2 -1.0 3837.0 4257.0 0.0247 0. 0.
-1.2 -1.0 4257.0 4719.0 0.0260 0. 0.
-1.2 -1.0 4719.0 5226.5 0.0300 0. 0.
-1.2 -1.0 5226.5 5784.0 0.0354 0. 0.
-1.2 -1.0 5784.0 6538.0 0.0410 0. 0.
-1.0 -0.8 9.0 11.0 0.0768 0. 0.
-1.0 -0.8 11.0 13.5 0.0698 0. 0.
-1.0 -0.8 13.5 16.5 0.0603 0. 0.
-1.0 -0.8 16.5 19.5 0.0524 0. 0.
-1.0 -0.8 19.5 22.5 0.0466 0. 0.
-1.0 -0.8 22.5 26.0 0.0423 0. 0.
-1.0 -0.8 26.0 30.0 0.0385 0. 0.
-1.0 -0.8 30.0 34.5 0.0351 0. 0.
-1.0 -0.8 34.5 40.0 0.0314 0. 0.
-1.0 -0.8 40.0 46.0 0.0278 0. 0.
-1.0 -0.8 46.0 52.5 0.0248 0. 0.
-1.0 -0.8 52.5 60.0 0.0223 0. 0.
-1.0 -0.8 60.0 69.0 0.0200 0. 0.
-1.0 -0.8 69.0 79.0 0.0177 0. 0.
-1.0 -0.8 79.0 90.5 0.0157 0. 0.
-1.0 -0.8 90.5 105.5 0.0138 0. 0.
-1.0 -0.8 105.5 123.5 0.0119 0. 0.
-1.0 -0.8 123.5 143.0 0.0102 0. 0.
-1.0 -0.8 143.0 163.5 0.0088 0. 0.
-1.0 -0.8 163.5 185.0 0.0078 0. 0.
-1.0 -0.8 185.0 208.0 0.0071 0. 0.
-1.0 -0.8 208.0 232.5 0.0068 0. 0.
-1.0 -0.8 232.5 258.5 0.0067 0. 0.
-1.0 -0.8 258.5 286.0 0.0068 0. 0.
-1.0 -0.8 286.0 331.0 0.0071 0. 0.
-1.0 -0.8 331.0 396.0 0.0077 0. 0.
-1.0 -0.8 396.0 468.5 0.0087 0. 0.
-1.0 -0.8 468.5 549.5 0.0099 0. 0.
-1.0 -0.8 549.5 639.0 0.0110 0. 0.
-1.0 -0.8 639.0 738.0 0.0122 0. 0.
-1.0 -0.8 738.0 847.5 0.0133 0. 0.
-1.0 -0.8 847.5 968.5 0.0144 0. 0.
-1.0 -0.8 968.5 1102.0 0.0154 0. 0.
-1.0 -0.8 1102.0 1249.5 0.0163 0. 0.
-1.0 -0.8 1249.5 1412.0 0.0173 0. 0.
-1.0 -0.8 1412.0 1590.5 0.0182 0. 0.
-1.0 -0.8 1590.5 1787.0 0.0191 0. 0.
-1.0 -0.8 1787.0 2003.0 0.0199 0. 0.
-1.0 -0.8 2003.0 2241.0 0.0207 0. 0.
-1.0 -0.8 2241.0 2503.0 0.0214 0. 0.
-1.0 -0.8 2503.0 2790.5 0.0221 0. 0.
-1.0 -0.8 2790.5 3107.0 0.0228 0. 0.
-1.0 -0.8 3107.0 3455.0 0.0234 0. 0.
-1.0 -0.8 3455.0 3837.0 0.0241 0. 0.
-1.0 -0.8 3837.0 4257.0 0.0247 0. 0.
-1.0 -0.8 4257.0 4719.0 0.0260 0. 0.
-1.0 -0.8 4719.0 5226.5 0.0300 0. 0.
-1.0 -0.8 5226.5 5784.0 0.0354 0. 0.
-1.0 -0.8 5784.0 6538.0 0.0410 0. 0.
-0.8 -0.6 9.0 11.0 0.0753 0. 0.
-0.8 -0.6 11.0 13.5 0.0686 0. 0.
-0.8 -0.6 13.5 16.5 0.0593 0. 0.
-0.8 -0.6 16.5 19.5 0.0516 0. 0.
-0.8 -0.6 19.5 22.5 0.0459 0. 0.
-0.8 -0.6 22.5 26.0 0.0417 0. 0.
-0.8 -0.6 26.0 30.0 0.0379 0. 0.
-0.8 -0.6 30.0 34.5 0.0346 0. 0.
-0.8 -0.6 34.5 40.0 0.0309 0. 0.
-0.8 -0.6 40.0 46.0 0.0274 0. 0.
-0.8 -0.6 46.0 52.5 0.0244 0. 0.
-0.8 -0.6 52.5 60.0 0.0219 0. 0.
-0.8 -0.6 60.0 69.0 0.0196 0. 0.
-0.8 -0.6 69.0 79.0 0.0173 0. 0.
-0.8 -0.6 79.0 90.5 0.0153 0. 0.
-0.8 -0.6 90.5 105.5 0.0135 0. 0.
-0.8 -0.6 105.5 123.5 0.0116 0. 0.
-0.8 -0.6 123.5 143.0 0.0100 0. 0.
-0.8 -0.6 143.0 163.5 0.0086 0. 0.
-0.8 -0.6 163.5 185.0 0.0077 0. 0.
-0.8 -0.6 185.0 208.0 0.0071 0. 0.
-0.8 -0.6 208.0 232.5 0.0067 0. 0.
-0.8 -0.6 232.5 258.5 0.0067 0. 0.
-0.8 -0.6 258.5 286.0 0.0068 0. 0.
-0.8 -0.6 286.0 331.0 0.0071 0. 0.
-0.8 -0.6 331.0 396.0 0.0077 0. 0.
-0.8 -0.6 396.0 468.5 0.0087 0. 0.
-0.8 -0.6 468.5 549.5 0.0098 0. 0.
-0.8 -0.6 549.5 639.0 0.0109 0. 0.
-0.8 -0.6 639.0 738.0 0.0120 0. 0.
-0.8 -0.6 738.0 847.5 0.0131 0. 0.
-0.8 -0.6 847.5 968.5 0.0141 0. 0.
-0.8 -0.6 968.5 1102.0 0.0151 0. 0.
-0.8 -0.6 1102.0 1249.5 0.0161 0. 0.
-0.8 -0.6 1249.5 1412.0 0.0170 0. 0.
-0.8 -0.6 1412.0 1590.5 0.0178 0. 0.
-0.8 -0.6 1590.5 1787.0 0.0187 0. 0.
-0.8 -0.6 1787.0 2003.0 0.0195 0. 0.
-0.8 -0.6 2003.0 2241.0 0.0202 0. 0.
-0.8 -0.6 2241.0 2503.0 0.0210 0. 0.
-0.8 -0.6 2503.0 2790.5 0.0217 0. 0.
-0.8 -0.6 2790.5 3107.0 0.0224 0. 0.
-0.8 -0.6 3107.0 3455.0 0.0230 0. 0.
-0.8 -0.6 3455.0 3837.0 0.0237 0. 0.
-0.8 -0.6 3837.0 4257.0 0.0243 0. 0.
-0.8 -0.6 4257.0 4719.0 0.0257 0. 0.
-0.8 -0.6 4719.0 5226.5 0.0298 0. 0.
-0.8 -0.6 5226.5 5784.0 0.0351 0. 0.
-0.8 -0.6 5784.0 6538.0 0.0408 0. 0.
-0.6 -0.4 9.0 11.0 0.0758 0. 0.
-0.6 -0.4 11.0 13.5 0.0688 0. 0.
-0.6 -0.4 13.5 16.5 0.0594 0. 0.
-0.6 -0.4 16.5 19.5 0.0516 0. 0.
-0.6 -0.4 19.5 22.5 0.0459 0. 0.
-0.6 -0.4 22.5 26.0 0.0417 0. 0.
-0.6 -0.4 26.0 30.0 0.0379 0. 0.
-0.6 -0.4 30.0 34.5 0.0345 0. 0.
-0.6 -0.4 34.5 40.0 0.0309 0. 0.
-0.6 -0.4 40.0 46.0 0.0274 0. 0.
-0.6 -0.4 46.0 52.5 0.0244 0. 0.
-0.6 -0.4 52.5 60.0 0.0219 0. 0.
-0.6 -0.4 60.0 69.0 0.0196 0. 0.
-0.6 -0.4 69.0 79.0 0.0173 0. 0.
-0.6 -0.4 79.0 90.5 0.0154 0. 0.
-0.6 -0.4 90.5 105.5 0.0135 0. 0.
-0.6 -0.4 105.5 123.5 0.0117 0. 0.
-0.6 -0.4 123.5 143.0 0.0100 0. 0.
-0.6 -0.4 143.0 163.5 0.0087 0. 0.
-0.6 -0.4 163.5 185.0 0.0077 0. 0.
-0.6 -0.4 185.0 208.0 0.0071 0. 0.
-0.6 -0.4 208.0 232.5 0.0068 0. 0.
-0.6 -0.4 232.5 258.5 0.0067 0. 0.
-0.6 -0.4 258.5 286.0 0.0068 0. 0.
-0.6 -0.4 286.0 331.0 0.0071 0. 0.
-0.6 -0.4 331.0 396.0 0.0077 0. 0.
-0.6 -0.4 396.0 468.5 0.0087 0. 0.
-0.6 -0.4 468.5 549.5 0.0098 0. 0.
-0.6 -0.4 549.5 639.0 0.0109 0. 0.
-0.6 -0.4 639.0 738.0 0.0120 0. 0.
-0.6 -0.4 738.0 847.5 0.0131 0. 0.
-0.6 -0.4 847.5 968.5 0.0141 0. 0.
-0.6 -0.4 968.5 1102.0 0.0151 0. 0.
-0.6 -0.4 1102.0 1249.5 0.0160 0. 0.
-0.6 -0.4 1249.5 1412.0 0.0169 0. 0.
-0.6 -0.4 1412.0 1590.5 0.0178 0. 0.
-0.6 -0.4 1590.5 1787.0 0.0187 0. 0.
-0.6 -0.4 1787.0 2003.0 0.0195 0. 0.
-0.6 -0.4 2003.0 2241.0 0.0203 0. 0.
-0.6 -0.4 2241.0 2503.0 0.0210 0. 0.
-0.6 -0.4 2503.0 2790.5 0.0217 0. 0.
-0.6 -0.4 2790.5 3107.0 0.0224 0. 0.
-0.6 -0.4 3107.0 3455.0 0.0231 0. 0.
-0.6 -0.4 3455.0 3837.0 0.0237 0. 0.
-0.6 -0.4 3837.0 4257.0 0.0244 0. 0.
-0.6 -0.4 4257.0 4719.0 0.0257 0. 0.
-0.6 -0.4 4719.0 5226.5 0.0298 0. 0.
-0.6 -0.4 5226.5 5784.0 0.0352 0. 0.
-0.6 -0.4 5784.0 6538.0 0.0408 0. 0.
-0.4 -0.2 9.0 11.0 0.0767 0. 0.
-0.4 -0.2 11.0 13.5 0.0694 0. 0.
-0.4 -0.2 13.5 16.5 0.0598 0. 0.
-0.4 -0.2 16.5 19.5 0.0518 0. 0.
-0.4 -0.2 19.5 22.5 0.0460 0. 0.
-0.4 -0.2 22.5 26.0 0.0417 0. 0.
-0.4 -0.2 26.0 30.0 0.0379 0. 0.
-0.4 -0.2 30.0 34.5 0.0345 0. 0.
-0.4 -0.2 34.5 40.0 0.0309 0. 0.
-0.4 -0.2 40.0 46.0 0.0273 0. 0.
-0.4 -0.2 46.0 52.5 0.0244 0. 0.
-0.4 -0.2 52.5 60.0 0.0218 0. 0.
-0.4 -0.2 60.0 69.0 0.0196 0. 0.
-0.4 -0.2 69.0 79.0 0.0173 0. 0.
-0.4 -0.2 79.0 90.5 0.0154 0. 0.
-0.4 -0.2 90.5 105.5 0.0135 0. 0.
-0.4 -0.2 105.5 123.5 0.0117 0. 0.
-0.4 -0.2 123.5 143.0 0.0100 0. 0.
-0.4 -0.2 143.0 163.5 0.0087 0. 0.
-0.4 -0.2 163.5 185.0 0.0077 0. 0.
-0.4 -0.2 185.0 208.0 0.0071 0. 0.
-0.4 -0.2 208.0 232.5 0.0068 0. 0.
-0.4 -0.2 232.5 258.5 0.0067 0. 0.
-0.4 -0.2 258.5 286.0 0.0068 0. 0.
-0.4 -0.2 286.0 331.0 0.0071 0. 0.
-0.4 -0.2 331.0 396.0 0.0077 0. 0.
-0.4 -0.2 396.0 468.5 0.0087 0. 0.
-0.4 -0.2 468.5 549.5 0.0098 0. 0.
-0.4 -0.2 549.5 639.0 0.0109 0. 0.
-0.4 -0.2 639.0 738.0 0.0120 0. 0.
-0.4 -0.2 738.0 847.5 0.0131 0. 0.
-0.4 -0.2 847.5 968.5 0.0141 0. 0.
-0.4 -0.2 968.5 1102.0 0.0151 0. 0.
-0.4 -0.2 1102.0 1249.5 0.0161 0. 0.
-0.4 -0.2 1249.5 1412.0 0.0170 0. 0.
-0.4 -0.2 1412.0 1590.5 0.0178 0. 0.
-0.4 -0.2 1590.5 1787.0 0.0187 0. 0.
-0.4 -0.2 1787.0 2003.0 0.0195 0. 0.
-0.4 -0.2 2003.0 2241.0 0.0203 0. 0.
-0.4 -0.2 2241.0 2503.0 0.0210 0. 0.
-0.4 -0.2 2503.0 2790.5 0.0217 0. 0.
-0.4 -0.2 2790.5 3107.0 0.0224 0. 0.
-0.4 -0.2 3107.0 3455.0 0.0231 0. 0.
-0.4 -0.2 3455.0 3837.0 0.0238 0. 0.
-0.4 -0.2 3837.0 4257.0 0.0244 0. 0.
-0.4 -0.2 4257.0 4719.0 0.0257 0. 0.
-0.4 -0.2 4719.0 5226.5 0.0298 0. 0.
-0.4 -0.2 5226.5 5784.0 0.0352 0. 0.
-0.4 -0.2 5784.0 6538.0 0.0409 0. 0.
-0.2 0.0 9.0 11.0 0.0758 0. 0.
-0.2 0.0 11.0 13.5 0.0687 0. 0.
-0.2 0.0 13.5 16.5 0.0592 0. 0.
-0.2 0.0 16.5 19.5 0.0514 0. 0.
-0.2 0.0 19.5 22.5 0.0457 0. 0.
-0.2 0.0 22.5 26.0 0.0415 0. 0.
-0.2 0.0 26.0 30.0 0.0377 0. 0.
-0.2 0.0 30.0 34.5 0.0344 0. 0.
-0.2 0.0 34.5 40.0 0.0308 0. 0.
-0.2 0.0 40.0 46.0 0.0273 0. 0.
-0.2 0.0 46.0 52.5 0.0244 0. 0.
-0.2 0.0 52.5 60.0 0.0219 0. 0.
-0.2 0.0 60.0 69.0 0.0196 0. 0.
-0.2 0.0 69.0 79.0 0.0174 0. 0.
-0.2 0.0 79.0 90.5 0.0154 0. 0.
-0.2 0.0 90.5 105.5 0.0136 0. 0.
-0.2 0.0 105.5 123.5 0.0117 0. 0.
-0.2 0.0 123.5 143.0 0.0100 0. 0.
-0.2 0.0 143.0 163.5 0.0087 0. 0.
-0.2 0.0 163.5 185.0 0.0077 0. 0.
-0.2 0.0 185.0 208.0 0.0071 0. 0.
-0.2 0.0 208.0 232.5 0.0067 0. 0.
-0.2 0.0 232.5 258.5 0.0066 0. 0.
-0.2 0.0 258.5 286.0 0.0068 0. 0.
-0.2 0.0 286.0 331.0 0.0071 0. 0.
-0.2 0.0 331.0 396.0 0.0077 0. 0.
-0.2 0.0 396.0 468.5 0.0087 0. 0.
-0.2 0.0 468.5 549.5 0.0099 0. 0.
-0.2 0.0 549.5 639.0 0.0110 0. 0.
-0.2 0.0 639.0 738.0 0.0122 0. 0.
-0.2 0.0 738.0 847.5 0.0132 0. 0.
-0.2 0.0 847.5 968.5 0.0143 0. 0.
-0.2 0.0 968.5 1102.0 0.0153 0. 0.
-0.2 0.0 1102.0 1249.5 0.0163 0. 0.
-0.2 0.0 1249.5 1412.0 0.0172 0. 0.
-0.2 0.0 1412.0 1590.5 0.0181 0. 0.
-0.2 0.0 1590.5 1787.0 0.0190 0. 0.
-0.2 0.0 1787.0 2003.0 0.0198 0. 0.
-0.2 0.0 2003.0 2241.0 0.0206 0. 0.
-0.2 0.0 2241.0 2503.0 0.0214 0. 0.
-0.2 0.0 2503.0 2790.5 0.0221 0. 0.
-0.2 0.0 2790.5 3107.0 0.0227 0. 0.
-0.2 0.0 3107.0 3455.0 0.0234 0. 0.
-0.2 0.0 3455.0 3837.0 0.0241 0. 0.
-0.2 0.0 3837.0 4257.0 0.0247 0. 0.
-0.2 0.0 4257.0 4719.0 0.0260 0. 0.
-0.2 0.0 4719.0 5226.5 0.0301 0. 0.
-0.2 0.0 5226.5 5784.0 0.0354 0. 0.
-0.2 0.0 5784.0 6538.0 0.0410 0. 0.
0.0 0.2 9.0 11.0 0.0757 0. 0.
0.0 0.2 11.0 13.5 0.0686 0. 0.
0.0 0.2 13.5 16.5 0.0592 0. 0.
0.0 0.2 16.5 19.5 0.0514 0. 0.
0.0 0.2 19.5 22.5 0.0457 0. 0.
0.0 0.2 22.5 26.0 0.0415 0. 0.
0.0 0.2 26.0 30.0 0.0377 0. 0.
0.0 0.2 30.0 34.5 0.0344 0. 0.
0.0 0.2 34.5 40.0 0.0308 0. 0.
0.0 0.2 40.0 46.0 0.0273 0. 0.
0.0 0.2 46.0 52.5 0.0244 0. 0.
0.0 0.2 52.5 60.0 0.0219 0. 0.
0.0 0.2 60.0 69.0 0.0196 0. 0.
0.0 0.2 69.0 79.0 0.0174 0. 0.
0.0 0.2 79.0 90.5 0.0154 0. 0.
0.0 0.2 90.5 105.5 0.0136 0. 0.
0.0 0.2 105.5 123.5 0.0117 0. 0.
0.0 0.2 123.5 143.0 0.0100 0. 0.
0.0 0.2 143.0 163.5 0.0087 0. 0.
0.0 0.2 163.5 185.0 0.0077 0. 0.
0.0 0.2 185.0 208.0 0.0071 0. 0.
0.0 0.2 208.0 232.5 0.0067 0. 0.
0.0 0.2 232.5 258.5 0.0066 0. 0.
0.0 0.2 258.5 286.0 0.0068 0. 0.
0.0 0.2 286.0 331.0 0.0071 0. 0.
0.0 0.2 331.0 396.0 0.0077 0. 0.
0.0 0.2 396.0 468.5 0.0087 0. 0.
0.0 0.2 468.5 549.5 0.0099 0. 0.
0.0 0.2 549.5 639.0 0.0110 0. 0.
0.0 0.2 639.0 738.0 0.0122 0. 0.
0.0 0.2 738.0 847.5 0.0132 0. 0.
0.0 0.2 847.5 968.5 0.0143 0. 0.
0.0 0.2 968.5 1102.0 0.0153 0. 0.
0.0 0.2 1102.0 1249.5 0.0163 0. 0.
0.0 0.2 1249.5 1412.0 0.0172 0. 0.
0.0 0.2 1412.0 1590.5 0.0181 0. 0.
0.0 0.2 1590.5 1787.0 0.0190 0. 0.
0.0 0.2 1787.0 2003.0 0.0198 0. 0.
0.0 0.2 2003.0 2241.0 0.0206 0. 0.
0.0 0.2 2241.0 2503.0 0.0213 0. 0.
0.0 0.2 2503.0 2790.5 0.0220 0. 0.
0.0 0.2 2790.5 3107.0 0.0227 0. 0.
0.0 0.2 3107.0 3455.0 0.0234 0. 0.
0.0 0.2 3455.0 3837.0 0.0240 0. 0.
0.0 0.2 3837.0 4257.0 0.0247 0. 0.
0.0 0.2 4257.0 4719.0 0.0260 0. 0.
0.0 0.2 4719.0 5226.5 0.0300 0. 0.
0.0 0.2 5226.5 5784.0 0.0354 0. 0.
0.0 0.2 5784.0 6538.0 0.0410 0. 0.
0.2 0.4 9.0 11.0 0.0680 0. 0.
0.2 0.4 11.0 13.5 0.0635 0. 0.
0.2 0.4 13.5 16.5 0.0557 0. 0.
0.2 0.4 16.5 19.5 0.0490 0. 0.
0.2 0.4 19.5 22.5 0.0441 0. 0.
0.2 0.4 22.5 26.0 0.0404 0. 0.
0.2 0.4 26.0 30.0 0.0369 0. 0.
0.2 0.4 30.0 34.5 0.0339 0. 0.
0.2 0.4 34.5 40.0 0.0304 0. 0.
0.2 0.4 40.0 46.0 0.0271 0. 0.
0.2 0.4 46.0 52.5 0.0242 0. 0.
0.2 0.4 52.5 60.0 0.0217 0. 0.
0.2 0.4 60.0 69.0 0.0195 0. 0.
0.2 0.4 69.0 79.0 0.0173 0. 0.
0.2 0.4 79.0 90.5 0.0153 0. 0.
0.2 0.4 90.5 105.5 0.0135 0. 0.
0.2 0.4 105.5 123.5 0.0117 0. 0.
0.2 0.4 123.5 143.0 0.0100 0. 0.
0.2 0.4 143.0 163.5 0.0087 0. 0.
0.2 0.4 163.5 185.0 0.0077 0. 0.
0.2 0.4 185.0 208.0 0.0071 0. 0.
0.2 0.4 208.0 232.5 0.0068 0. 0.
0.2 0.4 232.5 258.5 0.0067 0. 0.
0.2 0.4 258.5 286.0 0.0068 0. 0.
0.2 0.4 286.0 331.0 0.0071 0. 0.
0.2 0.4 331.0 396.0 0.0077 0. 0.
0.2 0.4 396.0 468.5 0.0087 0. 0.
0.2 0.4 468.5 549.5 0.0098 0. 0.
0.2 0.4 549.5 639.0 0.0109 0. 0.
0.2 0.4 639.0 738.0 0.0120 0. 0.
0.2 0.4 738.0 847.5 0.0131 0. 0.
0.2 0.4 847.5 968.5 0.0141 0. 0.
0.2 0.4 968.5 1102.0 0.0151 0. 0.
0.2 0.4 1102.0 1249.5 0.0160 0. 0.
0.2 0.4 1249.5 1412.0 0.0169 0. 0.
0.2 0.4 1412.0 1590.5 0.0178 0. 0.
0.2 0.4 1590.5 1787.0 0.0186 0. 0.
0.2 0.4 1787.0 2003.0 0.0194 0. 0.
0.2 0.4 2003.0 2241.0 0.0202 0. 0.
0.2 0.4 2241.0 2503.0 0.0210 0. 0.
0.2 0.4 2503.0 2790.5 0.0217 0. 0.
0.2 0.4 2790.5 3107.0 0.0224 0. 0.
0.2 0.4 3107.0 3455.0 0.0230 0. 0.
0.2 0.4 3455.0 3837.0 0.0237 0. 0.
0.2 0.4 3837.0 4257.0 0.0243 0. 0.
0.2 0.4 4257.0 4719.0 0.0257 0. 0.
0.2 0.4 4719.0 5226.5 0.0298 0. 0.
0.2 0.4 5226.5 5784.0 0.0351 0. 0.
0.2 0.4 5784.0 6538.0 0.0408 0. 0.
0.4 0.6 9.0 11.0 0.0776 0. 0.
0.4 0.6 11.0 13.5 0.0701 0. 0.
0.4 0.6 13.5 16.5 0.0603 0. 0.
0.4 0.6 16.5 19.5 0.0522 0. 0.
0.4 0.6 19.5 22.5 0.0464 0. 0.
0.4 0.6 22.5 26.0 0.0420 0. 0.
0.4 0.6 26.0 30.0 0.0381 0. 0.
0.4 0.6 30.0 34.5 0.0347 0. 0.
0.4 0.6 34.5 40.0 0.0310 0. 0.
0.4 0.6 40.0 46.0 0.0274 0. 0.
0.4 0.6 46.0 52.5 0.0244 0. 0.
0.4 0.6 52.5 60.0 0.0219 0. 0.
0.4 0.6 60.0 69.0 0.0196 0. 0.
0.4 0.6 69.0 79.0 0.0174 0. 0.
0.4 0.6 79.0 90.5 0.0154 0. 0.
0.4 0.6 90.5 105.5 0.0135 0. 0.
0.4 0.6 105.5 123.5 0.0117 0. 0.
0.4 0.6 123.5 143.0 0.0100 0. 0.
0.4 0.6 143.0 163.5 0.0087 0. 0.
0.4 0.6 163.5 185.0 0.0077 0. 0.
0.4 0.6 185.0 208.0 0.0071 0. 0.
0.4 0.6 208.0 232.5 0.0068 0. 0.
0.4 0.6 232.5 258.5 0.0067 0. 0.
0.4 0.6 258.5 286.0 0.0068 0. 0.
0.4 0.6 286.0 331.0 0.0071 0. 0.
0.4 0.6 331.0 396.0 0.0077 0. 0.
0.4 0.6 396.0 468.5 0.0087 0. 0.
0.4 0.6 468.5 549.5 0.0098 0. 0.
0.4 0.6 549.5 639.0 0.0109 0. 0.
0.4 0.6 639.0 738.0 0.0120 0. 0.
0.4 0.6 738.0 847.5 0.0131 0. 0.
0.4 0.6 847.5 968.5 0.0141 0. 0.
0.4 0.6 968.5 1102.0 0.0151 0. 0.
0.4 0.6 1102.0 1249.5 0.0160 0. 0.
0.4 0.6 1249.5 1412.0 0.0169 0. 0.
0.4 0.6 1412.0 1590.5 0.0178 0. 0.
0.4 0.6 1590.5 1787.0 0.0187 0. 0.
0.4 0.6 1787.0 2003.0 0.0195 0. 0.
0.4 0.6 2003.0 2241.0 0.0203 0. 0.
0.4 0.6 2241.0 2503.0 0.0210 0. 0.
0.4 0.6 2503.0 2790.5 0.0217 0. 0.
0.4 0.6 2790.5 3107.0 0.0224 0. 0.
0.4 0.6 3107.0 3455.0 0.0231 0. 0.
0.4 0.6 3455.0 3837.0 0.0237 0. 0.
0.4 0.6 3837.0 4257.0 0.0244 0. 0.
0.4 0.6 4257.0 4719.0 0.0257 0. 0.
0.4 0.6 4719.0 5226.5 0.0298 0. 0.
0.4 0.6 5226.5 5784.0 0.0352 0. 0.
0.4 0.6 5784.0 6538.0 0.0408 0. 0.
0.6 0.8 9.0 11.0 0.0736 0. 0.
0.6 0.8 11.0 13.5 0.0674 0. 0.
0.6 0.8 13.5 16.5 0.0585 0. 0.
0.6 0.8 16.5 19.5 0.0509 0. 0.
0.6 0.8 19.5 22.5 0.0455 0. 0.
0.6 0.8 22.5 26.0 0.0413 0. 0.
0.6 0.8 26.0 30.0 0.0376 0. 0.
0.6 0.8 30.0 34.5 0.0344 0. 0.
0.6 0.8 34.5 40.0 0.0307 0. 0.
0.6 0.8 40.0 46.0 0.0273 0. 0.
0.6 0.8 46.0 52.5 0.0243 0. 0.
0.6 0.8 52.5 60.0 0.0218 0. 0.
0.6 0.8 60.0 69.0 0.0195 0. 0.
0.6 0.8 69.0 79.0 0.0173 0. 0.
0.6 0.8 79.0 90.5 0.0153 0. 0.
0.6 0.8 90.5 105.5 0.0135 0. 0.
0.6 0.8 105.5 123.5 0.0116 0. 0.
0.6 0.8 123.5 143.0 0.0100 0. 0.
0.6 0.8 143.0 163.5 0.0087 0. 0.
0.6 0.8 163.5 185.0 0.0077 0. 0.
0.6 0.8 185.0 208.0 0.0071 0. 0.
0.6 0.8 208.0 232.5 0.0067 0. 0.
0.6 0.8 232.5 258.5 0.0067 0. 0.
0.6 0.8 258.5 286.0 0.0068 0. 0.
0.6 0.8 286.0 331.0 0.0071 0. 0.
0.6 0.8 331.0 396.0 0.0077 0. 0.
0.6 0.8 396.0 468.5 0.0087 0. 0.
0.6 0.8 468.5 549.5 0.0098 0. 0.
0.6 0.8 549.5 639.0 0.0109 0. 0.
0.6 0.8 639.0 738.0 0.0120 0. 0.
0.6 0.8 738.0 847.5 0.0131 0. 0.
0.6 0.8 847.5 968.5 0.0141 0. 0.
0.6 0.8 968.5 1102.0 0.0151 0. 0.
0.6 0.8 1102.0 1249.5 0.0161 0. 0.
0.6 0.8 1249.5 1412.0 0.0170 0. 0.
0.6 0.8 1412.0 1590.5 0.0178 0. 0.
0.6 0.8 1590.5 1787.0 0.0187 0. 0.
0.6 0.8 1787.0 2003.0 0.0195 0. 0.
0.6 0.8 2003.0 2241.0 0.0203 0. 0.
0.6 0.8 2241.0 2503.0 0.0210 0. 0.
0.6 0.8 2503.0 2790.5 0.0217 0. 0.
0.6 0.8 2790.5 3107.0 0.0224 0. 0.
0.6 0.8 3107.0 3455.0 0.0230 0. 0.
0.6 0.8 3455.0 3837.0 0.0237 0. 0.
0.6 0.8 3837.0 4257.0 0.0243 0. 0.
0.6 0.8 4257.0 4719.0 0.0257 0. 0.
0.6 0.8 4719.0 5226.5 0.0298 0. 0.
0.6 0.8 5226.5 5784.0 0.0351 0. 0.
0.6 0.8 5784.0 6538.0 0.0408 0. 0.
0.8 1.0 9.0 11.0 0.0777 0. 0.
0.8 1.0 11.0 13.5 0.0704 0. 0.
0.8 1.0 13.5 16.5 0.0608 0. 0.
0.8 1.0 16.5 19.5 0.0527 0. 0.
0.8 1.0 19.5 22.5 0.0469 0. 0.
0.8 1.0 22.5 26.0 0.0425 0. 0.
0.8 1.0 26.0 30.0 0.0386 0. 0.
0.8 1.0 30.0 34.5 0.0352 0. 0.
0.8 1.0 34.5 40.0 0.0315 0. 0.
0.8 1.0 40.0 46.0 0.0279 0. 0.
0.8 1.0 46.0 52.5 0.0249 0. 0.
0.8 1.0 52.5 60.0 0.0223 0. 0.
0.8 1.0 60.0 69.0 0.0200 0. 0.
0.8 1.0 69.0 79.0 0.0177 0. 0.
0.8 1.0 79.0 90.5 0.0157 0. 0.
0.8 1.0 90.5 105.5 0.0138 0. 0.
0.8 1.0 105.5 123.5 0.0119 0. 0.
0.8 1.0 123.5 143.0 0.0102 0. 0.
0.8 1.0 143.0 163.5 0.0088 0. 0.
0.8 1.0 163.5 185.0 0.0078 0. 0.
0.8 1.0 185.0 208.0 0.0071 0. 0.
0.8 1.0 208.0 232.5 0.0068 0. 0.
0.8 1.0 232.5 258.5 0.0067 0. 0.
0.8 1.0 258.5 286.0 0.0068 0. 0.
0.8 1.0 286.0 331.0 0.0071 0. 0.
0.8 1.0 331.0 396.0 0.0077 0. 0.
0.8 1.0 396.0 468.5 0.0087 0. 0.
0.8 1.0 468.5 549.5 0.0099 0. 0.
0.8 1.0 549.5 639.0 0.0110 0. 0.
0.8 1.0 639.0 738.0 0.0122 0. 0.
0.8 1.0 738.0 847.5 0.0133 0. 0.
0.8 1.0 847.5 968.5 0.0144 0. 0.
0.8 1.0 968.5 1102.0 0.0154 0. 0.
0.8 1.0 1102.0 1249.5 0.0164 0. 0.
0.8 1.0 1249.5 1412.0 0.0173 0. 0.
0.8 1.0 1412.0 1590.5 0.0182 0. 0.
0.8 1.0 1590.5 1787.0 0.0191 0. 0.
0.8 1.0 1787.0 2003.0 0.0199 0. 0.
0.8 1.0 2003.0 2241.0 0.0207 0. 0.
0.8 1.0 2241.0 2503.0 0.0214 0. 0.
0.8 1.0 2503.0 2790.5 0.0221 0. 0.
0.8 1.0 2790.5 3107.0 0.0228 0. 0.
0.8 1.0 3107.0 3455.0 0.0234 0. 0.
0.8 1.0 3455.0 3837.0 0.0241 0. 0.
0.8 1.0 3837.0 4257.0 0.0247 0. 0.
0.8 1.0 4257.0 4719.0 0.0260 0. 0.
0.8 1.0 4719.0 5226.5 0.0300 0. 0.
0.8 1.0 5226.5 5784.0 0.0354 0. 0.
0.8 1.0 5784.0 6538.0 0.0410 0. 0.
1.0 1.2 9.0 11.0 0.0773 0. 0.
1.0 1.2 11.0 13.5 0.0703 0. 0.
1.0 1.2 13.5 16.5 0.0609 0. 0.
1.0 1.2 16.5 19.5 0.0530 0. 0.
1.0 1.2 19.5 22.5 0.0472 0. 0.
1.0 1.2 22.5 26.0 0.0428 0. 0.
1.0 1.2 26.0 30.0 0.0389 0. 0.
1.0 1.2 30.0 34.5 0.0354 0. 0.
1.0 1.2 34.5 40.0 0.0317 0. 0.
1.0 1.2 40.0 46.0 0.0281 0. 0.
1.0 1.2 46.0 52.5 0.0251 0. 0.
1.0 1.2 52.5 60.0 0.0226 0. 0.
1.0 1.2 60.0 69.0 0.0202 0. 0.
1.0 1.2 69.0 79.0 0.0179 0. 0.
1.0 1.2 79.0 90.5 0.0159 0. 0.
1.0 1.2 90.5 105.5 0.0140 0. 0.
1.0 1.2 105.5 123.5 0.0120 0. 0.
1.0 1.2 123.5 143.0 0.0103 0. 0.
1.0 1.2 143.0 163.5 0.0089 0. 0.
1.0 1.2 163.5 185.0 0.0079 0. 0.
1.0 1.2 185.0 208.0 0.0072 0. 0.
1.0 1.2 208.0 232.5 0.0069 0. 0.
1.0 1.2 232.5 258.5 0.0067 0. 0.
1.0 1.2 258.5 286.0 0.0068 0. 0.
1.0 1.2 286.0 331.0 0.0071 0. 0.
1.0 1.2 331.0 396.0 0.0077 0. 0.
1.0 1.2 396.0 468.5 0.0087 0. 0.
1.0 1.2 468.5 549.5 0.0099 0. 0.
1.0 1.2 549.5 639.0 0.0110 0. 0.
1.0 1.2 639.0 738.0 0.0121 0. 0.
1.0 1.2 738.0 847.5 0.0132 0. 0.
1.0 1.2 847.5 968.5 0.0143 0. 0.
1.0 1.2 968.5 1102.0 0.0153 0. 0.
1.0 1.2 1102.0 1249.5 0.0163 0. 0.
1.0 1.2 1249.5 1412.0 0.0172 0. 0.
1.0 1.2 1412.0 1590.5 0.0181 0. 0.
1.0 1.2 1590.5 1787.0 0.0190 0. 0.
1.0 1.2 1787.0 2003.0 0.0199 0. 0.
1.0 1.2 2003.0 2241.0 0.0207 0. 0.
1.0 1.2 2241.0 2503.0 0.0215 0. 0.
1.0 1.2 2503.0 2790.5 0.0221 0. 0.
1.0 1.2 2790.5 3107.0 0.0228 0. 0.
1.0 1.2 3107.0 3455.0 0.0234 0. 0.
1.0 1.2 3455.0 3837.0 0.0241 0. 0.
1.0 1.2 3837.0 4257.0 0.0247 0. 0.
1.0 1.2 4257.0 4719.0 0.0260 0. 0.
1.0 1.2 4719.0 5226.5 0.0301 0. 0.
1.0 1.2 5226.5 5784.0 0.0354 0. 0.
1.0 1.2 5784.0 6538.0 0.0410 0. 0.
1.2 1.4 9.0 11.0 0.0776 0. 0.
1.2 1.4 11.0 13.5 0.0707 0. 0.
1.2 1.4 13.5 16.5 0.0613 0. 0.
1.2 1.4 16.5 19.5 0.0533 0. 0.
1.2 1.4 19.5 22.5 0.0476 0. 0.
1.2 1.4 22.5 26.0 0.0431 0. 0.
1.2 1.4 26.0 30.0 0.0392 0. 0.
1.2 1.4 30.0 34.5 0.0357 0. 0.
1.2 1.4 34.5 40.0 0.0319 0. 0.
1.2 1.4 40.0 46.0 0.0283 0. 0.
1.2 1.4 46.0 52.5 0.0252 0. 0.
1.2 1.4 52.5 60.0 0.0227 0. 0.
1.2 1.4 60.0 69.0 0.0203 0. 0.
1.2 1.4 69.0 79.0 0.0180 0. 0.
1.2 1.4 79.0 90.5 0.0159 0. 0.
1.2 1.4 90.5 105.5 0.0140 0. 0.
1.2 1.4 105.5 123.5 0.0120 0. 0.
1.2 1.4 123.5 143.0 0.0103 0. 0.
1.2 1.4 143.0 163.5 0.0089 0. 0.
1.2 1.4 163.5 185.0 0.0079 0. 0.
1.2 1.4 185.0 208.0 0.0072 0. 0.
1.2 1.4 208.0 232.5 0.0069 0. 0.
1.2 1.4 232.5 258.5 0.0067 0. 0.
1.2 1.4 258.5 286.0 0.0068 0. 0.
1.2 1.4 286.0 331.0 0.0071 0. 0.
1.2 1.4 331.0 396.0 0.0077 0. 0.
1.2 1.4 396.0 468.5 0.0087 0. 0.
1.2 1.4 468.5 549.5 0.0099 0. 0.
1.2 1.4 549.5 639.0 0.0110 0. 0.
1.2 1.4 639.0 738.0 0.0121 0. 0.
1.2 1.4 738.0 847.5 0.0132 0. 0.
1.2 1.4 847.5 968.5 0.0143 0. 0.
1.2 1.4 968.5 1102.0 0.0153 0. 0.
1.2 1.4 1102.0 1249.5 0.0163 0. 0.
1.2 1.4 1249.5 1412.0 0.0172 0. 0.
1.2 1.4 1412.0 1590.5 0.0181 0. 0.
1.2 1.4 1590.5 1787.0 0.0190 0. 0.
1.2 1.4 1787.0 2003.0 0.0198 0. 0.
1.2 1.4 2003.0 2241.0 0.0206 0. 0.
1.2 1.4 2241.0 2503.0 0.0214 0. 0.
1.2 1.4 2503.0 2790.5 0.0221 0. 0.
1.2 1.4 2790.5 3107.0 0.0228 0. 0.
1.2 1.4 3107.0 3455.0 0.0234 0. 0.
1.2 1.4 3455.0 3837.0 0.0240 0. 0.
1.2 1.4 3837.0 4257.0 0.0246 0. 0.
1.2 1.4 4257.0 4719.0 0.0260 0. 0.
1.2 1.4 4719.0 5226.5 0.0300 0. 0.
1.2 1.4 5226.5 5784.0 0.0353 0. 0.
1.2 1.4 5784.0 6538.0 0.0410 0. 0.
1.4 1.6 9.0 11.0 0.0744 0. 0.
1.4 1.6 11.0 13.5 0.0687 0. 0.
1.4 1.6 13.5 16.5 0.0602 0. 0.
1.4 1.6 16.5 19.5 0.0528 0. 0.
1.4 1.6 19.5 22.5 0.0473 0. 0.
1.4 1.6 22.5 26.0 0.0430 0. 0.
1.4 1.6 26.0 30.0 0.0392 0. 0.
1.4 1.6 30.0 34.5 0.0357 0. 0.
1.4 1.6 34.5 40.0 0.0320 0. 0.
1.4 1.6 40.0 46.0 0.0283 0. 0.
1.4 1.6 46.0 52.5 0.0252 0. 0.
1.4 1.6 52.5 60.0 0.0226 0. 0.
1.4 1.6 60.0 69.0 0.0202 0. 0.
1.4 1.6 69.0 79.0 0.0179 0. 0.
1.4 1.6 79.0 90.5 0.0158 0. 0.
1.4 1.6 90.5 105.5 0.0138 0. 0.
1.4 1.6 105.5 123.5 0.0119 0. 0.
1.4 1.6 123.5 143.0 0.0101 0. 0.
1.4 1.6 143.0 163.5 0.0088 0. 0.
1.4 1.6 163.5 185.0 0.0078 0. 0.
1.4 1.6 185.0 208.0 0.0072 0. 0.
1.4 1.6 208.0 232.5 0.0068 0. 0.
1.4 1.6 232.5 258.5 0.0068 0. 0.
1.4 1.6 258.5 286.0 0.0069 0. 0.
1.4 1.6 286.0 331.0 0.0072 0. 0.
1.4 1.6 331.0 396.0 0.0078 0. 0.
1.4 1.6 396.0 468.5 0.0089 0. 0.
1.4 1.6 468.5 549.5 0.0100 0. 0.
1.4 1.6 549.5 639.0 0.0111 0. 0.
1.4 1.6 639.0 738.0 0.0123 0. 0.
1.4 1.6 738.0 847.5 0.0133 0. 0.
1.4 1.6 847.5 968.5 0.0144 0. 0.
1.4 1.6 968.5 1102.0 0.0154 0. 0.
1.4 1.6 1102.0 1249.5 0.0163 0. 0.
1.4 1.6 1249.5 1412.0 0.0173 0. 0.
1.4 1.6 1412.0 1590.5 0.0181 0. 0.
1.4 1.6 1590.5 1787.0 0.0190 0. 0.
1.4 1.6 1787.0 2003.0 0.0198 0. 0.
1.4 1.6 2003.0 2241.0 0.0205 0. 0.
1.4 1.6 2241.0 2503.0 0.0212 0. 0.
1.4 1.6 2503.0 2790.5 0.0219 0. 0.
1.4 1.6 2790.5 3107.0 0.0226 0. 0.
1.4 1.6 3107.0 3455.0 0.0232 0. 0.
1.4 1.6 3455.0 3837.0 0.0238 0. 0.
1.4 1.6 3837.0 4257.0 0.0245 0. 0.
1.4 1.6 4257.0 4719.0 0.0258 0. 0.
1.4 1.6 4719.0 5226.5 0.0298 0. 0.
1.4 1.6 5226.5 5784.0 0.0352 0. 0.
1.4 1.6 5784.0 6538.0 0.0409 0. 0.
1.6 1.8 9.0 11.0 0.0813 0. 0.
1.6 1.8 11.0 13.5 0.0744 0. 0.
1.6 1.8 13.5 16.5 0.0649 0. 0.
1.6 1.8 16.5 19.5 0.0566 0. 0.
1.6 1.8 19.5 22.5 0.0504 0. 0.
1.6 1.8 22.5 26.0 0.0456 0. 0.
1.6 1.8 26.0 30.0 0.0413 0. 0.
1.6 1.8 30.0 34.5 0.0375 0. 0.
1.6 1.8 34.5 40.0 0.0333 0. 0.
1.6 1.8 40.0 46.0 0.0294 0. 0.
1.6 1.8 46.0 52.5 0.0261 0. 0.
1.6 1.8 52.5 60.0 0.0233 0. 0.
1.6 1.8 60.0 69.0 0.0207 0. 0.
1.6 1.8 69.0 79.0 0.0182 0. 0.
1.6 1.8 79.0 90.5 0.0160 0. 0.
1.6 1.8 90.5 105.5 0.0140 0. 0.
1.6 1.8 105.5 123.5 0.0120 0. 0.
1.6 1.8 123.5 143.0 0.0103 0. 0.
1.6 1.8 143.0 163.5 0.0089 0. 0.
1.6 1.8 163.5 185.0 0.0079 0. 0.
1.6 1.8 185.0 208.0 0.0073 0. 0.
1.6 1.8 208.0 232.5 0.0070 0. 0.
1.6 1.8 232.5 258.5 0.0069 0. 0.
1.6 1.8 258.5 286.0 0.0070 0. 0.
1.6 1.8 286.0 331.0 0.0073 0. 0.
1.6 1.8 331.0 396.0 0.0079 0. 0.
1.6 1.8 396.0 468.5 0.0089 0. 0.
1.6 1.8 468.5 549.5 0.0100 0. 0.
1.6 1.8 549.5 639.0 0.0111 0. 0.
1.6 1.8 639.0 738.0 0.0122 0. 0.
1.6 1.8 738.0 847.5 0.0132 0. 0.
1.6 1.8 847.5 968.5 0.0143 0. 0.
1.6 1.8 968.5 1102.0 0.0152 0. 0.
1.6 1.8 1102.0 1249.5 0.0162 0. 0.
1.6 1.8 1249.5 1412.0 0.0171 0. 0.
1.6 1.8 1412.0 1590.5 0.0180 0. 0.
1.6 1.8 1590.5 1787.0 0.0188 0. 0.
1.6 1.8 1787.0 2003.0 0.0196 0. 0.
1.6 1.8 2003.0 2241.0 0.0203 0. 0.
1.6 1.8 2241.0 2503.0 0.0210 0. 0.
1.6 1.8 2503.0 2790.5 0.0217 0. 0.
1.6 1.8 2790.5 3107.0 0.0223 0. 0.
1.6 1.8 3107.0 3455.0 0.0230 0. 0.
1.6 1.8 3455.0 3837.0 0.0236 0. 0.
1.6 1.8 3837.0 4257.0 0.0243 0. 0.
1.6 1.8 4257.0 4719.0 0.0256 0. 0.
1.6 1.8 4719.0 5226.5 0.0297 0. 0.
1.6 1.8 5226.5 5784.0 0.0351 0. 0.
1.6 1.8 5784.0 6538.0 0.0407 0. 0.
1.8 2.0 9.0 11.0 0.0898 0. 0.
1.8 2.0 11.0 13.5 0.0812 0. 0.
1.8 2.0 13.5 16.5 0.0704 0. 0.
1.8 2.0 16.5 19.5 0.0610 0. 0.
1.8 2.0 19.5 22.5 0.0540 0. 0.
1.8 2.0 22.5 26.0 0.0485 0. 0.
1.8 2.0 26.0 30.0 0.0436 0. 0.
1.8 2.0 30.0 34.5 0.0393 0. 0.
1.8 2.0 34.5 40.0 0.0348 0. 0.
1.8 2.0 40.0 46.0 0.0305 0. 0.
1.8 2.0 46.0 52.5 0.0269 0. 0.
1.8 2.0 52.5 60.0 0.0239 0. 0.
1.8 2.0 60.0 69.0 0.0211 0. 0.
1.8 2.0 69.0 79.0 0.0185 0. 0.
1.8 2.0 79.0 90.5 0.0162 0. 0.
1.8 2.0 90.5 105.5 0.0141 0. 0.
1.8 2.0 105.5 123.5 0.0121 0. 0.
1.8 2.0 123.5 143.0 0.0103 0. 0.
1.8 2.0 143.0 163.5 0.0089 0. 0.
1.8 2.0 163.5 185.0 0.0080 0. 0.
1.8 2.0 185.0 208.0 0.0073 0. 0.
1.8 2.0 208.0 232.5 0.0070 0. 0.
1.8 2.0 232.5 258.5 0.0070 0. 0.
1.8 2.0 258.5 286.0 0.0071 0. 0.
1.8 2.0 286.0 331.0 0.0074 0. 0.
1.8 2.0 331.0 396.0 0.0080 0. 0.
1.8 2.0 396.0 468.5 0.0089 0. 0.
1.8 2.0 468.5 549.5 0.0100 0. 0.
1.8 2.0 549.5 639.0 0.0111 0. 0.
1.8 2.0 639.0 738.0 0.0121 0. 0.
1.8 2.0 738.0 847.5 0.0132 0. 0.
1.8 2.0 847.5 968.5 0.0142 0. 0.
1.8 2.0 968.5 1102.0 0.0151 0. 0.
1.8 2.0 1102.0 1249.5 0.0161 0. 0.
1.8 2.0 1249.5 1412.0 0.0170 0. 0.
1.8 2.0 1412.0 1590.5 0.0179 0. 0.
1.8 2.0 1590.5 1787.0 0.0187 0. 0.
1.8 2.0 1787.0 2003.0 0.0195 0. 0.
1.8 2.0 2003.0 2241.0 0.0202 0. 0.
1.8 2.0 2241.0 2503.0 0.0209 0. 0.
1.8 2.0 2503.0 2790.5 0.0216 0. 0.
1.8 2.0 2790.5 3107.0 0.0223 0. 0.
1.8 2.0 3107.0 3455.0 0.0230 0. 0.
1.8 2.0 3455.0 3837.0 0.0237 0. 0.
1.8 2.0 3837.0 4257.0 0.0243 0. 0.
1.8 2.0 4257.0 4719.0 0.0256 0. 0.
1.8 2.0 4719.0 5226.5 0.0297 0. 0.
1.8 2.0 5226.5 5784.0 0.0351 0. 0.
1.8 2.0 5784.0 6538.0 0.0408 0. 0.
2.0 2.2 9.0 11.0 0.1046 0. 0.
2.0 2.2 11.0 13.5 0.0932 0. 0.
2.0 2.2 13.5 16.5 0.0800 0. 0.
2.0 2.2 16.5 19.5 0.0686 0. 0.
2.0 2.2 19.5 22.5 0.0601 0. 0.
2.0 2.2 22.5 26.0 0.0535 0. 0.
2.0 2.2 26.0 30.0 0.0476 0. 0.
2.0 2.2 30.0 34.5 0.0423 0. 0.
2.0 2.2 34.5 40.0 0.0371 0. 0.
2.0 2.2 40.0 46.0 0.0322 0. 0.
2.0 2.2 46.0 52.5 0.0281 0. 0.
2.0 2.2 52.5 60.0 0.0246 0. 0.
2.0 2.2 60.0 69.0 0.0215 0. 0.
2.0 2.2 69.0 79.0 0.0186 0. 0.
2.0 2.2 79.0 90.5 0.0161 0. 0.
2.0 2.2 90.5 105.5 0.0139 0. 0.
2.0 2.2 105.5 123.5 0.0118 0. 0.
2.0 2.2 123.5 143.0 0.0100 0. 0.
2.0 2.2 143.0 163.5 0.0086 0. 0.
2.0 2.2 163.5 185.0 0.0078 0. 0.
2.0 2.2 185.0 208.0 0.0073 0. 0.
2.0 2.2 208.0 232.5 0.0071 0. 0.
2.0 2.2 232.5 258.5 0.0071 0. 0.
2.0 2.2 258.5 286.0 0.0073 0. 0.
2.0 2.2 286.0 331.0 0.0076 0. 0.
2.0 2.2 331.0 396.0 0.0083 0. 0.
2.0 2.2 396.0 468.5 0.0093 0. 0.
2.0 2.2 468.5 549.5 0.0103 0. 0.
2.0 2.2 549.5 639.0 0.0114 0. 0.
2.0 2.2 639.0 738.0 0.0125 0. 0.
2.0 2.2 738.0 847.5 0.0136 0. 0.
2.0 2.2 847.5 968.5 0.0147 0. 0.
2.0 2.2 968.5 1102.0 0.0157 0. 0.
2.0 2.2 1102.0 1249.5 0.0166 0. 0.
2.0 2.2 1249.5 1412.0 0.0176 0. 0.
2.0 2.2 1412.0 1590.5 0.0184 0. 0.
2.0 2.2 1590.5 1787.0 0.0192 0. 0.
2.0 2.2 1787.0 2003.0 0.0200 0. 0.
2.0 2.2 2003.0 2241.0 0.0208 0. 0.
2.0 2.2 2241.0 2503.0 0.0215 0. 0.
2.0 2.2 2503.0 2790.5 0.0222 0. 0.
2.0 2.2 2790.5 3107.0 0.0230 0. 0.
2.0 2.2 3107.0 3455.0 0.0237 0. 0.
2.0 2.2 3455.0 3837.0 0.0244 0. 0.
2.0 2.2 3837.0 4257.0 0.0252 0. 0.
2.0 2.2 4257.0 4719.0 0.0264 0. 0.
2.0 2.2 4719.0 5226.5 0.0305 0. 0.
2.0 2.2 5226.5 5784.0 0.0358 0. 0.
2.0 2.2 5784.0 6538.0 0.0415 0. 0.
2.2 2.4 9.0 11.0 0.1189 0. 0.
2.2 2.4 11.0 13.5 0.1018 0. 0.
2.2 2.4 13.5 16.5 0.0849 0. 0.
2.2 2.4 16.5 19.5 0.0710 0. 0.
2.2 2.4 19.5 22.5 0.0611 0. 0.
2.2 2.4 22.5 26.0 0.0538 0. 0.
2.2 2.4 26.0 30.0 0.0473 0. 0.
2.2 2.4 30.0 34.5 0.0418 0. 0.
2.2 2.4 34.5 40.0 0.0365 0. 0.
2.2 2.4 40.0 46.0 0.0315 0. 0.
2.2 2.4 46.0 52.5 0.0274 0. 0.
2.2 2.4 52.5 60.0 0.0240 0. 0.
2.2 2.4 60.0 69.0 0.0211 0. 0.
2.2 2.4 69.0 79.0 0.0183 0. 0.
2.2 2.4 79.0 90.5 0.0159 0. 0.
2.2 2.4 90.5 105.5 0.0138 0. 0.
2.2 2.4 105.5 123.5 0.0117 0. 0.
2.2 2.4 123.5 143.0 0.0100 0. 0.
2.2 2.4 143.0 163.5 0.0087 0. 0.
2.2 2.4 163.5 185.0 0.0078 0. 0.
2.2 2.4 185.0 208.0 0.0073 0. 0.
2.2 2.4 208.0 232.5 0.0070 0. 0.
2.2 2.4 232.5 258.5 0.0070 0. 0.
2.2 2.4 258.5 286.0 0.0072 0. 0.
2.2 2.4 286.0 331.0 0.0075 0. 0.
2.2 2.4 331.0 396.0 0.0081 0. 0.
2.2 2.4 396.0 468.5 0.0091 0. 0.
2.2 2.4 468.5 549.5 0.0102 0. 0.
2.2 2.4 549.5 639.0 0.0113 0. 0.
2.2 2.4 639.0 738.0 0.0123 0. 0.
2.2 2.4 738.0 847.5 0.0134 0. 0.
2.2 2.4 847.5 968.5 0.0144 0. 0.
2.2 2.4 968.5 1102.0 0.0154 0. 0.
2.2 2.4 1102.0 1249.5 0.0163 0. 0.
2.2 2.4 1249.5 1412.0 0.0171 0. 0.
2.2 2.4 1412.0 1590.5 0.0179 0. 0.
2.2 2.4 1590.5 1787.0 0.0188 0. 0.
2.2 2.4 1787.0 2003.0 0.0195 0. 0.
2.2 2.4 2003.0 2241.0 0.0203 0. 0.
2.2 2.4 2241.0 2503.0 0.0210 0. 0.
2.2 2.4 2503.0 2790.5 0.0218 0. 0.
2.2 2.4 2790.5 3107.0 0.0225 0. 0.
2.2 2.4 3107.0 3455.0 0.0232 0. 0.
2.2 2.4 3455.0 3837.0 0.0238 0. 0.
2.2 2.4 3837.0 4257.0 0.0245 0. 0.
2.2 2.4 4257.0 4719.0 0.0258 0. 0.
2.2 2.4 4719.0 5226.5 0.0299 0. 0.
2.2 2.4 5226.5 5784.0 0.0353 0. 0.
2.2 2.4 5784.0 6538.0 0.0410 0. 0.
2.4 2.6 9.0 11.0 0.1303 0. 0.
2.4 2.6 11.0 13.5 0.1084 0. 0.
2.4 2.6 13.5 16.5 0.0885 0. 0.
2.4 2.6 16.5 19.5 0.0728 0. 0.
2.4 2.6 19.5 22.5 0.0622 0. 0.
2.4 2.6 22.5 26.0 0.0546 0. 0.
2.4 2.6 26.0 30.0 0.0481 0. 0.
2.4 2.6 30.0 34.5 0.0428 0. 0.
2.4 2.6 34.5 40.0 0.0378 0. 0.
2.4 2.6 40.0 46.0 0.0333 0. 0.
2.4 2.6 46.0 52.5 0.0297 0. 0.
2.4 2.6 52.5 60.0 0.0268 0. 0.
2.4 2.6 60.0 69.0 0.0239 0. 0.
2.4 2.6 69.0 79.0 0.0208 0. 0.
2.4 2.6 79.0 90.5 0.0181 0. 0.
2.4 2.6 90.5 105.5 0.0156 0. 0.
2.4 2.6 105.5 123.5 0.0131 0. 0.
2.4 2.6 123.5 143.0 0.0109 0. 0.
2.4 2.6 143.0 163.5 0.0093 0. 0.
2.4 2.6 163.5 185.0 0.0083 0. 0.
2.4 2.6 185.0 208.0 0.0080 0. 0.
2.4 2.6 208.0 232.5 0.0081 0. 0.
2.4 2.6 232.5 258.5 0.0086 0. 0.
2.4 2.6 258.5 286.0 0.0095 0. 0.
2.4 2.6 286.0 331.0 0.0104 0. 0.
2.4 2.6 331.0 396.0 0.0120 0. 0.
2.4 2.6 396.0 468.5 0.0142 0. 0.
2.4 2.6 468.5 549.5 0.0164 0. 0.
2.4 2.6 549.5 639.0 0.0186 0. 0.
2.4 2.6 639.0 738.0 0.0207 0. 0.
2.4 2.6 738.0 847.5 0.0226 0. 0.
2.4 2.6 847.5 968.5 0.0235 0. 0.
2.4 2.6 968.5 1102.0 0.0241 0. 0.
2.4 2.6 1102.0 1249.5 0.0247 0. 0.
2.4 2.6 1249.5 1412.0 0.0252 0. 0.
2.4 2.6 1412.0 1590.5 0.0258 0. 0.
2.4 2.6 1590.5 1787.0 0.0264 0. 0.
2.4 2.6 1787.0 2003.0 0.0269 0. 0.
2.4 2.6 2003.0 2241.0 0.0275 0. 0.
2.4 2.6 2241.0 2503.0 0.0280 0. 0.
2.4 2.6 2503.0 2790.5 0.0285 0. 0.
2.4 2.6 2790.5 3107.0 0.0290 0. 0.
2.4 2.6 3107.0 3455.0 0.0295 0. 0.
2.4 2.6 3455.0 3837.0 0.0300 0. 0.
2.4 2.6 3837.0 4257.0 0.0305 0. 0.
2.4 2.6 4257.0 4719.0 0.0316 0. 0.
2.4 2.6 4719.0 5226.5 0.0350 0. 0.
2.4 2.6 5226.5 5784.0 0.0397 0. 0.
2.4 2.6 5784.0 6538.0 0.0448 0. 0.
2.6 2.8 9.0 11.0 0.1568 0. 0.
2.6 2.8 11.0 13.5 0.1315 0. 0.
2.6 2.8 13.5 16.5 0.1090 0. 0.
2.6 2.8 16.5 19.5 0.0915 0. 0.
2.6 2.8 19.5 22.5 0.0799 0. 0.
2.6 2.8 22.5 26.0 0.0719 0. 0.
2.6 2.8 26.0 30.0 0.0653 0. 0.
2.6 2.8 30.0 34.5 0.0600 0. 0.
2.6 2.8 34.5 40.0 0.0555 0. 0.
2.6 2.8 40.0 46.0 0.0518 0. 0.
2.6 2.8 46.0 52.5 0.0491 0. 0.
2.6 2.8 52.5 60.0 0.0471 0. 0.
2.6 2.8 60.0 69.0 0.0429 0. 0.
2.6 2.8 69.0 79.0 0.0369 0. 0.
2.6 2.8 79.0 90.5 0.0312 0. 0.
2.6 2.8 90.5 105.5 0.0258 0. 0.
2.6 2.8 105.5 123.5 0.0200 0. 0.
2.6 2.8 123.5 143.0 0.0146 0. 0.
2.6 2.8 143.0 163.5 0.0108 0. 0.
2.6 2.8 163.5 185.0 0.0096 0. 0.
2.6 2.8 185.0 208.0 0.0110 0. 0.
2.6 2.8 208.0 232.5 0.0140 0. 0.
2.6 2.8 232.5 258.5 0.0176 0. 0.
2.6 2.8 258.5 286.0 0.0213 0. 0.
2.6 2.8 286.0 331.0 0.0250 0. 0.
2.6 2.8 331.0 396.0 0.0305 0. 0.
2.6 2.8 396.0 468.5 0.0374 0. 0.
2.6 2.8 468.5 549.5 0.0439 0. 0.
2.6 2.8 549.5 639.0 0.0502 0. 0.
2.6 2.8 639.0 738.0 0.0561 0. 0.
2.6 2.8 738.0 847.5 0.0619 0. 0.
2.6 2.8 847.5 968.5 0.0654 0. 0.
2.6 2.8 968.5 1102.0 0.0656 0. 0.
2.6 2.8 1102.0 1249.5 0.0659 0. 0.
2.6 2.8 1249.5 1412.0 0.0661 0. 0.
2.6 2.8 1412.0 1590.5 0.0663 0. 0.
2.6 2.8 1590.5 1787.0 0.0666 0. 0.
2.6 2.8 1787.0 2003.0 0.0668 0. 0.
2.6 2.8 2003.0 2241.0 0.0670 0. 0.
2.6 2.8 2241.0 2503.0 0.0673 0. 0.
2.6 2.8 2503.0 2790.5 0.0675 0. 0.
2.6 2.8 2790.5 3107.0 0.0678 0. 0.
2.6 2.8 3107.0 3455.0 0.0680 0. 0.
2.6 2.8 3455.0 3837.0 0.0683 0. 0.
2.6 2.8 3837.0 4257.0 0.0686 0. 0.
2.6 2.8 4257.0 4719.0 0.0691 0. 0.
2.6 2.8 4719.0 5226.5 0.0707 0. 0.
2.6 2.8 5226.5 5784.0 0.0732 0. 0.
2.6 2.8 5784.0 6538.0 0.0761 0. 0.
2.8 3.0 9.0 11.0 0.1539 0. 0.
2.8 3.0 11.0 13.5 0.1351 0. 0.
2.8 3.0 13.5 16.5 0.1185 0. 0.
2.8 3.0 16.5 19.5 0.1060 0. 0.
2.8 3.0 19.5 22.5 0.0980 0. 0.
2.8 3.0 22.5 26.0 0.0927 0. 0.
2.8 3.0 26.0 30.0 0.0885 0. 0.
2.8 3.0 30.0 34.5 0.0853 0. 0.
2.8 3.0 34.5 40.0 0.0825 0. 0.
2.8 3.0 40.0 46.0 0.0803 0. 0.
2.8 3.0 46.0 52.5 0.0787 0. 0.
2.8 3.0 52.5 60.0 0.0776 0. 0.
2.8 3.0 60.0 69.0 0.0714 0. 0.
2.8 3.0 69.0 79.0 0.0612 0. 0.
2.8 3.0 79.0 90.5 0.0514 0. 0.
2.8 3.0 90.5 105.5 0.0418 0. 0.
2.8 3.0 105.5 123.5 0.0312 0. 0.
2.8 3.0 123.5 143.0 0.0209 0. 0.
2.8 3.0 143.0 163.5 0.0134 0. 0.
2.8 3.0 163.5 185.0 0.0121 0. 0.
2.8 3.0 185.0 208.0 0.0168 0. 0.
2.8 3.0 208.0 232.5 0.0238 0. 0.
2.8 3.0 232.5 258.5 0.0311 0. 0.
2.8 3.0 258.5 286.0 0.0384 0. 0.
2.8 3.0 286.0 331.0 0.0455 0. 0.
2.8 3.0 331.0 396.0 0.0560 0. 0.
2.8 3.0 396.0 468.5 0.0689 0. 0.
2.8 3.0 468.5 549.5 0.0811 0. 0.
2.8 3.0 549.5 639.0 0.0927 0. 0.
2.8 3.0 639.0 738.0 0.0975 0. 0.
2.8 3.0 738.0 847.5 0.0976 0. 0.
2.8 3.0 847.5 968.5 0.0978 0. 0.
2.8 3.0 968.5 1102.0 0.0979 0. 0.
2.8 3.0 1102.0 1249.5 0.0980 0. 0.
2.8 3.0 1249.5 1412.0 0.0982 0. 0.
2.8 3.0 1412.0 1590.5 0.0983 0. 0.
2.8 3.0 1590.5 1787.0 0.0985 0. 0.
2.8 3.0 1787.0 2003.0 0.0986 0. 0.
2.8 3.0 2003.0 2241.0 0.0988 0. 0.
2.8 3.0 2241.0 2503.0 0.0989 0. 0.
2.8 3.0 2503.0 2790.5 0.0991 0. 0.
2.8 3.0 2790.5 3107.0 0.0992 0. 0.
2.8 3.0 3107.0 3455.0 0.0994 0. 0.
2.8 3.0 3455.0 3837.0 0.0996 0. 0.
2.8 3.0 3837.0 4257.0 0.0997 0. 0.
2.8 3.0 4257.0 4719.0 0.1000 0. 0.
2.8 3.0 4719.0 5226.5 0.1012 0. 0.
2.8 3.0 5226.5 5784.0 0.1029 0. 0.
2.8 3.0 5784.0 6538.0 0.1050 0. 0.
3.0 3.5 9.0 11.0 0.1177 0. 0.
3.0 3.5 11.0 13.5 0.1055 0. 0.
3.0 3.5 13.5 16.5 0.0933 0. 0.
3.0 3.5 16.5 19.5 0.0837 0. 0.
3.0 3.5 19.5 22.5 0.0774 0. 0.
3.0 3.5 22.5 26.0 0.0730 0. 0.
3.0 3.5 26.0 30.0 0.0693 0. 0.
3.0 3.5 30.0 34.5 0.0664 0. 0.
3.0 3.5 34.5 40.0 0.0638 0. 0.
3.0 3.5 40.0 46.0 0.0615 0. 0.
3.0 3.5 46.0 52.5 0.0598 0. 0.
3.0 3.5 52.5 60.0 0.0585 0. 0.
3.0 3.5 60.0 69.0 0.0535 0. 0.
3.0 3.5 69.0 79.0 0.0468 0. 0.
3.0 3.5 79.0 90.5 0.0404 0. 0.
3.0 3.5 90.5 105.5 0.0343 0. 0.
3.0 3.5 105.5 123.5 0.0278 0. 0.
3.0 3.5 123.5 143.0 0.0221 0. 0.
3.0 3.5 143.0 163.5 0.0182 0. 0.
3.0 3.5 163.5 185.0 0.0168 0. 0.
3.0 3.5 185.0 208.0 0.0178 0. 0.
3.0 3.5 208.0 232.5 0.0205 0. 0.
3.0 3.5 232.5 258.5 0.0241 0. 0.
3.0 3.5 258.5 286.0 0.0280 0. 0.
3.0 3.5 286.0 331.0 0.0322 0. 0.
3.0 3.5 331.0 396.0 0.0386 0. 0.
3.0 3.5 396.0 468.5 0.0467 0. 0.
3.0 3.5 468.5 549.5 0.0546 0. 0.
3.0 3.5 549.5 639.0 0.0613 0. 0.
3.0 3.5 639.0 738.0 0.0672 0. 0.
3.0 3.5 738.0 847.5 0.0729 0. 0.
3.0 3.5 847.5 968.5 0.0732 0. 0.
3.0 3.5 968.5 1102.0 0.0734 0. 0.
3.0 3.5 1102.0 1249.5 0.0735 0. 0.
3.0 3.5 1249.5 1412.0 0.0737 0. 0.
3.0 3.5 1412.0 1590.5 0.0739 0. 0.
3.0 3.5 1590.5 1787.0 0.0741 0. 0.
3.0 3.5 1787.0 2003.0 0.0743 0. 0.
3.0 3.5 2003.0 2241.0 0.0745 0. 0.
3.0 3.5 2241.0 2503.0 0.0747 0. 0.
3.0 3.5 2503.0 2790.5 0.0749 0. 0.
3.0 3.5 2790.5 3107.0 0.0751 0. 0.
3.0 3.5 3107.0 3455.0 0.0753 0. 0.
3.0 3.5 3455.0 3837.0 0.0755 0. 0.
3.0 3.5 3837.0 4257.0 0.0757 0. 0.
3.0 3.5 4257.0 4719.0 0.0762 0. 0.
3.0 3.5 4719.0 5226.5 0.0777 0. 0.
3.0 3.5 5226.5 5784.0 0.0799 0. 0.
3.0 3.5 5784.0 6538.0 0.0825 0. 0.
3.5 4.0 9.0 11.0 0.1083 0. 0.
3.5 4.0 11.0 13.5 0.0963 0. 0.
3.5 4.0 13.5 16.5 0.0840 0. 0.
3.5 4.0 16.5 19.5 0.0743 0. 0.
3.5 4.0 19.5 22.5 0.0678 0. 0.
3.5 4.0 22.5 26.0 0.0632 0. 0.
3.5 4.0 26.0 30.0 0.0594 0. 0.
3.5 4.0 30.0 34.5 0.0564 0. 0.
3.5 4.0 34.5 40.0 0.0535 0. 0.
3.5 4.0 40.0 46.0 0.0510 0. 0.
3.5 4.0 46.0 52.5 0.0491 0. 0.
3.5 4.0 52.5 60.0 0.0476 0. 0.
3.5 4.0 60.0 69.0 0.0434 0. 0.
3.5 4.0 69.0 79.0 0.0375 0. 0.
3.5 4.0 79.0 90.5 0.0321 0. 0.
3.5 4.0 90.5 105.5 0.0270 0. 0.
3.5 4.0 105.5 123.5 0.0221 0. 0.
3.5 4.0 123.5 143.0 0.0185 0. 0.
3.5 4.0 143.0 163.5 0.0173 0. 0.
3.5 4.0 163.5 185.0 0.0182 0. 0.
3.5 4.0 185.0 208.0 0.0207 0. 0.
3.5 4.0 208.0 232.5 0.0240 0. 0.
3.5 4.0 232.5 258.5 0.0276 0. 0.
3.5 4.0 258.5 286.0 0.0314 0. 0.
3.5 4.0 286.0 331.0 0.0353 0. 0.
3.5 4.0 331.0 396.0 0.0405 0. 0.
3.5 4.0 396.0 468.5 0.0434 0. 0.
3.5 4.0 468.5 549.5 0.0436 0. 0.
3.5 4.0 549.5 639.0 0.0439 0. 0.
3.5 4.0 639.0 738.0 0.0442 0. 0.
3.5 4.0 738.0 847.5 0.0445 0. 0.
3.5 4.0 847.5 968.5 0.0448 0. 0.
3.5 4.0 968.5 1102.0 0.0451 0. 0.
3.5 4.0 1102.0 1249.5 0.0454 0. 0.
3.5 4.0 1249.5 1412.0 0.0457 0. 0.
3.5 4.0 1412.0 1590.5 0.0460 0. 0.
3.5 4.0 1590.5 1787.0 0.0463 0. 0.
3.5 4.0 1787.0 2003.0 0.0467 0. 0.
3.5 4.0 2003.0 2241.0 0.0470 0. 0.
3.5 4.0 2241.0 2503.0 0.0473 0. 0.
3.5 4.0 2503.0 2790.5 0.0476 0. 0.
3.5 4.0 2790.5 3107.0 0.0479 0. 0.
3.5 4.0 3107.0 3455.0 0.0482 0. 0.
3.5 4.0 3455.0 3837.0 0.0486 0. 0.
3.5 4.0 3837.0 4257.0 0.0489 0. 0.
3.5 4.0 4257.0 4719.0 0.0495 0. 0.
3.5 4.0 4719.0 5226.5 0.0518 0. 0.
3.5 4.0 5226.5 5784.0 0.0550 0. 0.
3.5 4.0 5784.0 6538.0 0.0588 0. 0.
4.0 4.4 9.0 11.0 0.1074 0. 0.
4.0 4.4 11.0 13.5 0.0980 0. 0.
4.0 4.4 13.5 16.5 0.0882 0. 0.
4.0 4.4 16.5 19.5 0.0807 0. 0.
4.0 4.4 19.5 22.5 0.0758 0. 0.
4.0 4.4 22.5 26.0 0.0724 0. 0.
4.0 4.4 26.0 30.0 0.0697 0. 0.
4.0 4.4 30.0 34.5 0.0674 0. 0.
4.0 4.4 34.5 40.0 0.0653 0. 0.
4.0 4.4 40.0 46.0 0.0635 0. 0.
4.0 4.4 46.0 52.5 0.0621 0. 0.
4.0 4.4 52.5 60.0 0.0610 0. 0.
4.0 4.4 60.0 69.0 0.0549 0. 0.
4.0 4.4 69.0 79.0 0.0455 0. 0.
4.0 4.4 79.0 90.5 0.0368 0. 0.
4.0 4.4 90.5 105.5 0.0290 0. 0.
4.0 4.4 105.5 123.5 0.0222 0. 0.
4.0 4.4 123.5 143.0 0.0200 0. 0.
4.0 4.4 143.0 163.5 0.0234 0. 0.
4.0 4.4 163.5 185.0 0.0297 0. 0.
4.0 4.4 185.0 208.0 0.0369 0. 0.
4.0 4.4 208.0 232.5 0.0436 0. 0.
4.0 4.4 232.5 258.5 0.0497 0. 0.
4.0 4.4 258.5 286.0 0.0539 0. 0.
4.0 4.4 286.0 331.0 0.0539 0. 0.
4.0 4.4 331.0 396.0 0.0540 0. 0.
4.0 4.4 396.0 468.5 0.0542 0. 0.
4.0 4.4 468.5 549.5 0.0544 0. 0.
4.0 4.4 549.5 639.0 0.0546 0. 0.
4.0 4.4 639.0 738.0 0.0548 0. 0.
4.0 4.4 738.0 847.5 0.0551 0. 0.
4.0 4.4 847.5 968.5 0.0553 0. 0.
4.0 4.4 968.5 1102.0 0.0556 0. 0.
4.0 4.4 1102.0 1249.5 0.0559 0. 0.
4.0 4.4 1249.5 1412.0 0.0561 0. 0.
4.0 4.4 1412.0 1590.5 0.0564 0. 0.
4.0 4.4 1590.5 1787.0 0.0567 0. 0.
4.0 4.4 1787.0 2003.0 0.0570 0. 0.
4.0 4.4 2003.0 2241.0 0.0573 0. 0.
4.0 4.4 2241.0 2503.0 0.0576 0. 0.
4.0 4.4 2503.0 2790.5 0.0578 0. 0.
4.0 4.4 2790.5 3107.0 0.0581 0. 0.
4.0 4.4 3107.0 3455.0 0.0584 0. 0.
4.0 4.4 3455.0 3837.0 0.0587 0. 0.
4.0 4.4 3837.0 4257.0 0.0590 0. 0.
4.0 4.4 4257.0 4719.0 0.0595 0. 0.
4.0 4.4 4719.0 5226.5 0.0614 0. 0.
4.0 4.4 5226.5 5784.0 0.0642 0. 0.
4.0 4.4 5784.0 6538.0 0.0675 0. 0.
4.4 5.0 9.0 11.0 0.0989 0. 0.
4.4 5.0 11.0 13.5 0.0915 0. 0.
4.4 5.0 13.5 16.5 0.0833 0. 0.
4.4 5.0 16.5 19.5 0.0771 0. 0.
4.4 5.0 19.5 22.5 0.0731 0. 0.
4.4 5.0 22.5 26.0 0.0704 0. 0.
4.4 5.0 26.0 30.0 0.0681 0. 0.
4.4 5.0 30.0 34.5 0.0663 0. 0.
4.4 5.0 34.5 40.0 0.0645 0. 0.
4.4 5.0 40.0 46.0 0.0629 0. 0.
4.4 5.0 46.0 52.5 0.0617 0. 0.
4.4 5.0 52.5 60.0 0.0608 0. 0.
4.4 5.0 60.0 69.0 0.0547 0. 0.
4.4 5.0 69.0 79.0 0.0454 0. 0.
4.4 5.0 79.0 90.5 0.0368 0. 0.
4.4 5.0 90.5 105.5 0.0290 0. 0.
4.4 5.0 105.5 123.5 0.0223 0. 0.
4.4 5.0 123.5 143.0 0.0199 0. 0.
4.4 5.0 143.0 163.5 0.0223 0. 0.
4.4 5.0 163.5 185.0 0.0274 0. 0.
4.4 5.0 185.0 208.0 0.0337 0. 0.
4.4 5.0 208.0 232.5 0.0402 0. 0.
4.4 5.0 232.5 258.5 0.0468 0. 0.
4.4 5.0 258.5 286.0 0.0512 0. 0.
4.4 5.0 286.0 331.0 0.0513 0. 0.
4.4 5.0 331.0 396.0 0.0514 0. 0.
4.4 5.0 396.0 468.5 0.0515 0. 0.
4.4 5.0 468.5 549.5 0.0517 0. 0.
4.4 5.0 549.5 639.0 0.0520 0. 0.
4.4 5.0 639.0 738.0 0.0522 0. 0.
4.4 5.0 738.0 847.5 0.0525 0. 0.
4.4 5.0 847.5 968.5 0.0527 0. 0.
4.4 5.0 968.5 1102.0 0.0530 0. 0.
4.4 5.0 1102.0 1249.5 0.0533 0. 0.
4.4 5.0 1249.5 1412.0 0.0536 0. 0.
4.4 5.0 1412.0 1590.5 0.0539 0. 0.
4.4 5.0 1590.5 1787.0 0.0542 0. 0.
4.4 5.0 1787.0 2003.0 0.0545 0. 0.
4.4 5.0 2003.0 2241.0 0.0547 0. 0.
4.4 5.0 2241.0 2503.0 0.0550 0. 0.
4.4 5.0 2503.0 2790.5 0.0553 0. 0.
4.4 5.0 2790.5 3107.0 0.0556 0. 0.
4.4 5.0 3107.0 3455.0 0.0559 0. 0.
4.4 5.0 3455.0 3837.0 0.0561 0. 0.
4.4 5.0 3837.0 4257.0 0.0564 0. 0.
4.4 5.0 4257.0 4719.0 0.0571 0. 0.
4.4 5.0 4719.0 5226.5 0.0590 0. 0.
4.4 5.0 5226.5 5784.0 0.0619 0. 0.
4.4 5.0 5784.0 6538.0 0.0653 0. 0.
5.0 5.4 9.0 11.0 0.0990 0. 0.
5.0 5.4 11.0 13.5 0.0916 0. 0.
5.0 5.4 13.5 16.5 0.0833 0. 0.
5.0 5.4 16.5 19.5 0.0771 0. 0.
5.0 5.4 19.5 22.5 0.0731 0. 0.
5.0 5.4 22.5 26.0 0.0704 0. 0.
5.0 5.4 26.0 30.0 0.0681 0. 0.
5.0 5.4 30.0 34.5 0.0663 0. 0.
5.0 5.4 34.5 40.0 0.0645 0. 0.
5.0 5.4 40.0 46.0 0.0629 0. 0.
5.0 5.4 46.0 52.5 0.0617 0. 0.
5.0 5.4 52.5 60.0 0.0608 0. 0.
5.0 5.4 60.0 69.0 0.0547 0. 0.
5.0 5.4 69.0 79.0 0.0454 0. 0.
5.0 5.4 79.0 90.5 0.0374 0. 0.
5.0 5.4 90.5 105.5 0.0305 0. 0.
5.0 5.4 105.5 123.5 0.0246 0. 0.
5.0 5.4 123.5 143.0 0.0223 0. 0.
5.0 5.4 143.0 163.5 0.0244 0. 0.
5.0 5.4 163.5 185.0 0.0292 0. 0.
5.0 5.4 185.0 208.0 0.0351 0. 0.
5.0 5.4 208.0 232.5 0.0414 0. 0.
5.0 5.4 232.5 258.5 0.0479 0. 0.
5.0 5.4 258.5 286.0 0.0522 0. 0.
5.0 5.4 286.0 331.0 0.0522 0. 0.
5.0 5.4 331.0 396.0 0.0523 0. 0.
5.0 5.4 396.0 468.5 0.0525 0. 0.
5.0 5.4 468.5 549.5 0.0527 0. 0.
5.0 5.4 549.5 639.0 0.0529 0. 0.
5.0 5.4 639.0 738.0 0.0532 0. 0.
5.0 5.4 738.0 847.5 0.0534 0. 0.
5.0 5.4 847.5 968.5 0.0537 0. 0.
5.0 5.4 968.5 1102.0 0.0540 0. 0.
5.0 5.4 1102.0 1249.5 0.0542 0. 0.
5.0 5.4 1249.5 1412.0 0.0545 0. 0.
5.0 5.4 1412.0 1590.5 0.0548 0. 0.
5.0 5.4 1590.5 1787.0 0.0551 0. 0.
5.0 5.4 1787.0 2003.0 0.0554 0. 0.
5.0 5.4 2003.0 2241.0 0.0556 0. 0.
5.0 5.4 2241.0 2503.0 0.0559 0. 0.
5.0 5.4 2503.0 2790.5 0.0562 0. 0.
5.0 5.4 2790.5 3107.0 0.0565 0. 0.
5.0 5.4 3107.0 3455.0 0.0568 0. 0.
5.0 5.4 3455.0 3837.0 0.0570 0. 0.
5.0 5.4 3837.0 4257.0 0.0573 0. 0.
5.0 5.4 4257.0 4719.0 0.0579 0. 0.
5.0 5.4 4719.0 5226.5 0.0599 0. 0.
5.0 5.4 5226.5 5784.0 0.0627 0. 0.
5.0 5.4 5784.0 6538.0 0.0661 0. 0.