-5.4 -5.0 9.0 11.0 0.0389 0. 0.
-5.4 -5.0 11.0 13.5 0.0344 0. 0.
-5.4 -5.0 13.5 16.5 0.0312 0. 0.
-5.4 -5.0 16.5 19.5 0.0292 0. 0.
-5.4 -5.0 19.5 22.5 0.0281 0. 0.
-5.4 -5.0 22.5 26.0 0.0274 0. 0.
-5.4 -5.0 26.0 30.0 0.0269 0. 0.
-5.4 -5.0 30.0 34.5 0.0266 0. 0.
-5.4 -5.0 34.5 40.0 0.0254 0. 0.
-5.4 -5.0 40.0 46.0 0.0244 0. 0.
-5.4 -5.0 46.0 52.5 0.0237 0. 0.
-5.4 -5.0 52.5 60.0 0.0232 0. 0.
-5.4 -5.0 60.0 69.0 0.0228 0. 0.
-5.4 -5.0 69.0 79.0 0.0224 0. 0.
-5.4 -5.0 79.0 90.5 0.0221 0. 0.
-5.4 -5.0 90.5 105.5 0.0218 0. 0.
-5.4 -5.0 105.5 123.5 0.0216 0. 0.
-5.4 -5.0 123.5 143.0 0.0214 0. 0.
-5.4 -5.0 143.0 163.5 0.0212 0. 0.
-5.4 -5.0 163.5 185.0 0.0211 0. 0.
-5.4 -5.0 185.0 208.0 0.0210 0. 0.
-5.4 -5.0 208.0 232.5 0.0209 0. 0.
-5.4 -5.0 232.5 258.5 0.0209 0. 0.
-5.4 -5.0 258.5 286.0 0.0208 0. 0.
-5.4 -5.0 286.0 331.0 0.0208 0. 0.
-5.4 -5.0 331.0 396.0 0.0208 0. 0.
-5.4 -5.0 396.0 468.5 0.0208 0. 0.
-5.4 -5.0 468.5 549.5 0.0208 0. 0.
-5.4 -5.0 549.5 639.0 0.0208 0. 0.
-5.4 -5.0 639.0 738.0 0.0208 0. 0.
-5.4 -5.0 738.0 847.5 0.0209 0. 0.
-5.4 -5.0 847.5 968.5 0.0209 0. 0.
-5.4 -5.0 968.5 1102.0 0.0210 0. 0.
-5.4 -5.0 1102.0 1249.5 0.0210 0. 0.
-5.4 -5.0 1249.5 1412.0 0.0211 0. 0.
-5.4 -5.0 1412.0 1590.5 0.0212 0. 0.
-5.4 -5.0 1590.5 1787.0 0.0212 0. 0.
-5.4 -5.0 1787.0 1945.0 0.0213 0. 0.
-5.4 -5.0 1945.0 2119.0 0.0214 0. 0.
-5.4 -5.0 2119.0 2369.0 0.0214 0. 0.
-5.4 -5.0 2369.0 2643.5 0.0215 0. 0.
-5.4 -5.0 2643.5 2945.0 0.0215 0. 0.
-5.4 -5.0 2945.0 3276.5 0.0216 0. 0.
-5.0 -4.4 9.0 11.0 0.0412 0. 0.
-5.0 -4.4 11.0 13.5 0.0364 0. 0.
-5.0 -4.4 13.5 16.5 0.0330 0. 0.
-5.0 -4.4 16.5 19.5 0.0306 0. 0.
-5.0 -4.4 19.5 22.5 0.0292 0. 0.
-5.0 -4.4 22.5 26.0 0.0284 0. 0.
-5.0 -4.4 26.0 30.0 0.0277 0. 0.
-5.0 -4.4 30.0 34.5 0.0272 0. 0.
-5.0 -4.4 34.5 40.0 0.0259 0. 0.
-5.0 -4.4 40.0 46.0 0.0248 0. 0.
-5.0 -4.4 46.0 52.5 0.0240 0. 0.
-5.0 -4.4 52.5 60.0 0.0234 0. 0.
-5.0 -4.4 60.0 69.0 0.0230 0. 0.
-5.0 -4.4 69.0 79.0 0.0225 0. 0.
-5.0 -4.4 79.0 90.5 0.0219 0. 0.
-5.0 -4.4 90.5 105.5 0.0216 0. 0.
-5.0 -4.4 105.5 123.5 0.0213 0. 0.
-5.0 -4.4 123.5 143.0 0.0211 0. 0.
-5.0 -4.4 143.0 163.5 0.0209 0. 0.
-5.0 -4.4 163.5 185.0 0.0207 0. 0.
-5.0 -4.4 185.0 208.0 0.0206 0. 0.
-5.0 -4.4 208.0 232.5 0.0206 0. 0.
-5.0 -4.4 232.5 258.5 0.0205 0. 0.
-5.0 -4.4 258.5 286.0 0.0205 0. 0.
-5.0 -4.4 286.0 331.0 0.0204 0. 0.
-5.0 -4.4 331.0 396.0 0.0204 0. 0.
-5.0 -4.4 396.0 468.5 0.0204 0. 0.
-5.0 -4.4 468.5 549.5 0.0204 0. 0.
-5.0 -4.4 549.5 639.0 0.0204 0. 0.
-5.0 -4.4 639.0 738.0 0.0204 0. 0.
-5.0 -4.4 738.0 847.5 0.0205 0. 0.
-5.0 -4.4 847.5 968.5 0.0205 0. 0.
-5.0 -4.4 968.5 1102.0 0.0206 0. 0.
-5.0 -4.4 1102.0 1249.5 0.0206 0. 0.
-5.0 -4.4 1249.5 1412.0 0.0207 0. 0.
-5.0 -4.4 1412.0 1590.5 0.0208 0. 0.
-5.0 -4.4 1590.5 1787.0 0.0208 0. 0.
-5.0 -4.4 1787.0 1945.0 0.0209 0. 0.
-5.0 -4.4 1945.0 2119.0 0.0210 0. 0.
-5.0 -4.4 2119.0 2369.0 0.0210 0. 0.
-5.0 -4.4 2369.0 2643.5 0.0211 0. 0.
-5.0 -4.4 2643.5 2945.0 0.0211 0. 0.
-5.0 -4.4 2945.0 3276.5 0.0212 0. 0.
-4.4 -4.0 9.0 11.0 0.0367 0. 0.
-4.4 -4.0 11.0 13.5 0.0331 0. 0.
-4.4 -4.0 13.5 16.5 0.0305 0. 0.
-4.4 -4.0 16.5 19.5 0.0289 0. 0.
-4.4 -4.0 19.5 22.5 0.0280 0. 0.
-4.4 -4.0 22.5 26.0 0.0274 0. 0.
-4.4 -4.0 26.0 30.0 0.0270 0. 0.
-4.4 -4.0 30.0 34.5 0.0267 0. 0.
-4.4 -4.0 34.5 40.0 0.0255 0. 0.
-4.4 -4.0 40.0 46.0 0.0245 0. 0.
-4.4 -4.0 46.0 52.5 0.0237 0. 0.
-4.4 -4.0 52.5 60.0 0.0232 0. 0.
-4.4 -4.0 60.0 69.0 0.0228 0. 0.
-4.4 -4.0 69.0 79.0 0.0223 0. 0.
-4.4 -4.0 79.0 90.5 0.0214 0. 0.
-4.4 -4.0 90.5 105.5 0.0207 0. 0.
-4.4 -4.0 105.5 123.5 0.0204 0. 0.
-4.4 -4.0 123.5 143.0 0.0203 0. 0.
-4.4 -4.0 143.0 163.5 0.0202 0. 0.
-4.4 -4.0 163.5 185.0 0.0200 0. 0.
-4.4 -4.0 185.0 208.0 0.0199 0. 0.
-4.4 -4.0 208.0 232.5 0.0199 0. 0.
-4.4 -4.0 232.5 258.5 0.0198 0. 0.
-4.4 -4.0 258.5 286.0 0.0198 0. 0.
-4.4 -4.0 286.0 331.0 0.0198 0. 0.
-4.4 -4.0 331.0 396.0 0.0197 0. 0.
-4.4 -4.0 396.0 468.5 0.0197 0. 0.
-4.4 -4.0 468.5 549.5 0.0198 0. 0.
-4.4 -4.0 549.5 639.0 0.0198 0. 0.
-4.4 -4.0 639.0 738.0 0.0199 0. 0.
-4.4 -4.0 738.0 847.5 0.0199 0. 0.
-4.4 -4.0 847.5 968.5 0.0200 0. 0.
-4.4 -4.0 968.5 1102.0 0.0201 0. 0.
-4.4 -4.0 1102.0 1249.5 0.0202 0. 0.
-4.4 -4.0 1249.5 1412.0 0.0203 0. 0.
-4.4 -4.0 1412.0 1590.5 0.0204 0. 0.
-4.4 -4.0 1590.5 1787.0 0.0205 0. 0.
-4.4 -4.0 1787.0 1945.0 0.0206 0. 0.
-4.4 -4.0 1945.0 2119.0 0.0207 0. 0.
-4.4 -4.0 2119.0 2369.0 0.0207 0. 0.
-4.4 -4.0 2369.0 2643.5 0.0208 0. 0.
-4.4 -4.0 2643.5 2945.0 0.0209 0. 0.
-4.4 -4.0 2945.0 3276.5 0.0210 0. 0.
-4.0 -3.5 9.0 11.0 0.0371 0. 0.
-4.0 -3.5 11.0 13.5 0.0332 0. 0.
-4.0 -3.5 13.5 16.5 0.0305 0. 0.
-4.0 -3.5 16.5 19.5 0.0288 0. 0.
-4.0 -3.5 19.5 22.5 0.0279 0. 0.
-4.0 -3.5 22.5 26.0 0.0273 0. 0.
-4.0 -3.5 26.0 30.0 0.0269 0. 0.
-4.0 -3.5 30.0 34.5 0.0266 0. 0.
-4.0 -3.5 34.5 40.0 0.0254 0. 0.
-4.0 -3.5 40.0 46.0 0.0244 0. 0.
-4.0 -3.5 46.0 52.5 0.0236 0. 0.
-4.0 -3.5 52.5 60.0 0.0231 0. 0.
-4.0 -3.5 60.0 69.0 0.0227 0. 0.
-4.0 -3.5 69.0 79.0 0.0222 0. 0.
-4.0 -3.5 79.0 90.5 0.0213 0. 0.
-4.0 -3.5 90.5 105.5 0.0207 0. 0.
-4.0 -3.5 105.5 123.5 0.0203 0. 0.
-4.0 -3.5 123.5 143.0 0.0203 0. 0.
-4.0 -3.5 143.0 163.5 0.0207 0. 0.
-4.0 -3.5 163.5 185.0 0.0213 0. 0.
-4.0 -3.5 185.0 208.0 0.0221 0. 0.
-4.0 -3.5 208.0 232.5 0.0222 0. 0.
-4.0 -3.5 232.5 258.5 0.0221 0. 0.
-4.0 -3.5 258.5 286.0 0.0221 0. 0.
-4.0 -3.5 286.0 331.0 0.0220 0. 0.
-4.0 -3.5 331.0 396.0 0.0220 0. 0.
-4.0 -3.5 396.0 468.5 0.0220 0. 0.
-4.0 -3.5 468.5 549.5 0.0220 0. 0.
-4.0 -3.5 549.5 639.0 0.0220 0. 0.
-4.0 -3.5 639.0 738.0 0.0221 0. 0.
-4.0 -3.5 738.0 847.5 0.0221 0. 0.
-4.0 -3.5 847.5 968.5 0.0222 0. 0.
-4.0 -3.5 968.5 1102.0 0.0222 0. 0.
-4.0 -3.5 1102.0 1249.5 0.0223 0. 0.
-4.0 -3.5 1249.5 1412.0 0.0224 0. 0.
-4.0 -3.5 1412.0 1590.5 0.0224 0. 0.
-4.0 -3.5 1590.5 1787.0 0.0225 0. 0.
-4.0 -3.5 1787.0 1945.0 0.0226 0. 0.
-4.0 -3.5 1945.0 2119.0 0.0227 0. 0.
-4.0 -3.5 2119.0 2369.0 0.0227 0. 0.
-4.0 -3.5 2369.0 2643.5 0.0228 0. 0.
-4.0 -3.5 2643.5 2945.0 0.0228 0. 0.
-4.0 -3.5 2945.0 3276.5 0.0229 0. 0.
-3.5 -3.0 9.0 11.0 0.0363 0. 0.
-3.5 -3.0 11.0 13.5 0.0326 0. 0.
-3.5 -3.0 13.5 16.5 0.0301 0. 0.
-3.5 -3.0 16.5 19.5 0.0285 0. 0.
-3.5 -3.0 19.5 22.5 0.0276 0. 0.
-3.5 -3.0 22.5 26.0 0.0271 0. 0.
-3.5 -3.0 26.0 30.0 0.0267 0. 0.
-3.5 -3.0 30.0 34.5 0.0264 0. 0.
-3.5 -3.0 34.5 40.0 0.0252 0. 0.
-3.5 -3.0 40.0 46.0 0.0243 0. 0.
-3.5 -3.0 46.0 52.5 0.0235 0. 0.
-3.5 -3.0 52.5 60.0 0.0230 0. 0.
-3.5 -3.0 60.0 69.0 0.0226 0. 0.
-3.5 -3.0 69.0 79.0 0.0221 0. 0.
-3.5 -3.0 79.0 90.5 0.0212 0. 0.
-3.5 -3.0 90.5 105.5 0.0206 0. 0.
-3.5 -3.0 105.5 123.5 0.0202 0. 0.
-3.5 -3.0 123.5 143.0 0.0203 0. 0.
-3.5 -3.0 143.0 163.5 0.0207 0. 0.
-3.5 -3.0 163.5 185.0 0.0213 0. 0.
-3.5 -3.0 185.0 208.0 0.0221 0. 0.
-3.5 -3.0 208.0 232.5 0.0229 0. 0.
-3.5 -3.0 232.5 258.5 0.0239 0. 0.
-3.5 -3.0 258.5 286.0 0.0249 0. 0.
-3.5 -3.0 286.0 331.0 0.0252 0. 0.
-3.5 -3.0 331.0 396.0 0.0252 0. 0.
-3.5 -3.0 396.0 468.5 0.0251 0. 0.
-3.5 -3.0 468.5 549.5 0.0252 0. 0.
-3.5 -3.0 549.5 639.0 0.0252 0. 0.
-3.5 -3.0 639.0 738.0 0.0252 0. 0.
-3.5 -3.0 738.0 847.5 0.0252 0. 0.
-3.5 -3.0 847.5 968.5 0.0253 0. 0.
-3.5 -3.0 968.5 1102.0 0.0253 0. 0.
-3.5 -3.0 1102.0 1249.5 0.0254 0. 0.
-3.5 -3.0 1249.5 1412.0 0.0255 0. 0.
-3.5 -3.0 1412.0 1590.5 0.0255 0. 0.
-3.5 -3.0 1590.5 1787.0 0.0256 0. 0.
-3.5 -3.0 1787.0 1945.0 0.0256 0. 0.
-3.5 -3.0 1945.0 2119.0 0.0257 0. 0.
-3.5 -3.0 2119.0 2369.0 0.0257 0. 0.
-3.5 -3.0 2369.0 2643.5 0.0258 0. 0.
-3.5 -3.0 2643.5 2945.0 0.0258 0. 0.
-3.5 -3.0 2945.0 3276.5 0.0259 0. 0.
-3.0 -2.8 9.0 11.0 0.0389 0. 0.
-3.0 -2.8 11.0 13.5 0.0327 0. 0.
-3.0 -2.8 13.5 16.5 0.0285 0. 0.
-3.0 -2.8 16.5 19.5 0.0258 0. 0.
-3.0 -2.8 19.5 22.5 0.0244 0. 0.
-3.0 -2.8 22.5 26.0 0.0236 0. 0.
-3.0 -2.8 26.0 30.0 0.0230 0. 0.
-3.0 -2.8 30.0 34.5 0.0226 0. 0.
-3.0 -2.8 34.5 40.0 0.0212 0. 0.
-3.0 -2.8 40.0 46.0 0.0200 0. 0.
-3.0 -2.8 46.0 52.5 0.0191 0. 0.
-3.0 -2.8 52.5 60.0 0.0184 0. 0.
-3.0 -2.8 60.0 69.0 0.0179 0. 0.
-3.0 -2.8 69.0 79.0 0.0174 0. 0.
-3.0 -2.8 79.0 90.5 0.0168 0. 0.
-3.0 -2.8 90.5 105.5 0.0162 0. 0.
-3.0 -2.8 105.5 123.5 0.0158 0. 0.
-3.0 -2.8 123.5 143.0 0.0155 0. 0.
-3.0 -2.8 143.0 163.5 0.0153 0. 0.
-3.0 -2.8 163.5 185.0 0.0153 0. 0.
-3.0 -2.8 185.0 208.0 0.0153 0. 0.
-3.0 -2.8 208.0 232.5 0.0155 0. 0.
-3.0 -2.8 232.5 258.5 0.0157 0. 0.
-3.0 -2.8 258.5 286.0 0.0159 0. 0.
-3.0 -2.8 286.0 331.0 0.0162 0. 0.
-3.0 -2.8 331.0 396.0 0.0165 0. 0.
-3.0 -2.8 396.0 468.5 0.0166 0. 0.
-3.0 -2.8 468.5 549.5 0.0166 0. 0.
-3.0 -2.8 549.5 639.0 0.0167 0. 0.
-3.0 -2.8 639.0 738.0 0.0168 0. 0.
-3.0 -2.8 738.0 847.5 0.0169 0. 0.
-3.0 -2.8 847.5 968.5 0.0170 0. 0.
-3.0 -2.8 968.5 1102.0 0.0171 0. 0.
-3.0 -2.8 1102.0 1249.5 0.0172 0. 0.
-3.0 -2.8 1249.5 1412.0 0.0174 0. 0.
-3.0 -2.8 1412.0 1590.5 0.0175 0. 0.
-3.0 -2.8 1590.5 1787.0 0.0177 0. 0.
-3.0 -2.8 1787.0 1945.0 0.0179 0. 0.
-3.0 -2.8 1945.0 2119.0 0.0180 0. 0.
-3.0 -2.8 2119.0 2369.0 0.0181 0. 0.
-3.0 -2.8 2369.0 2643.5 0.0183 0. 0.
-3.0 -2.8 2643.5 2945.0 0.0184 0. 0.
-3.0 -2.8 2945.0 3276.5 0.0186 0. 0.
-2.8 -2.6 9.0 11.0 0.0387 0. 0.
-2.8 -2.6 11.0 13.5 0.0328 0. 0.
-2.8 -2.6 13.5 16.5 0.0289 0. 0.
-2.8 -2.6 16.5 19.5 0.0263 0. 0.
-2.8 -2.6 19.5 22.5 0.0250 0. 0.
-2.8 -2.6 22.5 26.0 0.0242 0. 0.
-2.8 -2.6 26.0 30.0 0.0236 0. 0.
-2.8 -2.6 30.0 34.5 0.0232 0. 0.
-2.8 -2.6 34.5 40.0 0.0219 0. 0.
-2.8 -2.6 40.0 46.0 0.0207 0. 0.
-2.8 -2.6 46.0 52.5 0.0198 0. 0.
-2.8 -2.6 52.5 60.0 0.0191 0. 0.
-2.8 -2.6 60.0 69.0 0.0186 0. 0.
-2.8 -2.6 69.0 79.0 0.0177 0. 0.
-2.8 -2.6 79.0 90.5 0.0164 0. 0.
-2.8 -2.6 90.5 105.5 0.0152 0. 0.
-2.8 -2.6 105.5 123.5 0.0138 0. 0.
-2.8 -2.6 123.5 143.0 0.0126 0. 0.
-2.8 -2.6 143.0 163.5 0.0117 0. 0.
-2.8 -2.6 163.5 185.0 0.0110 0. 0.
-2.8 -2.6 185.0 208.0 0.0105 0. 0.
-2.8 -2.6 208.0 232.5 0.0103 0. 0.
-2.8 -2.6 232.5 258.5 0.0102 0. 0.
-2.8 -2.6 258.5 286.0 0.0103 0. 0.
-2.8 -2.6 286.0 331.0 0.0105 0. 0.
-2.8 -2.6 331.0 396.0 0.0110 0. 0.
-2.8 -2.6 396.0 468.5 0.0120 0. 0.
-2.8 -2.6 468.5 549.5 0.0132 0. 0.
-2.8 -2.6 549.5 639.0 0.0135 0. 0.
-2.8 -2.6 639.0 738.0 0.0136 0. 0.
-2.8 -2.6 738.0 847.5 0.0137 0. 0.
-2.8 -2.6 847.5 968.5 0.0138 0. 0.
-2.8 -2.6 968.5 1102.0 0.0139 0. 0.
-2.8 -2.6 1102.0 1249.5 0.0140 0. 0.
-2.8 -2.6 1249.5 1412.0 0.0142 0. 0.
-2.8 -2.6 1412.0 1590.5 0.0143 0. 0.
-2.8 -2.6 1590.5 1787.0 0.0145 0. 0.
-2.8 -2.6 1787.0 1945.0 0.0146 0. 0.
-2.8 -2.6 1945.0 2119.0 0.0147 0. 0.
-2.8 -2.6 2119.0 2369.0 0.0148 0. 0.
-2.8 -2.6 2369.0 2643.5 0.0149 0. 0.
-2.8 -2.6 2643.5 2945.0 0.0150 0. 0.
-2.8 -2.6 2945.0 3276.5 0.0151 0. 0.
-2.6 -2.4 9.0 11.0 0.0408 0. 0.
-2.6 -2.4 11.0 13.5 0.0343 0. 0.
-2.6 -2.4 13.5 16.5 0.0291 0. 0.
-2.6 -2.4 16.5 19.5 0.0253 0. 0.
-2.6 -2.4 19.5 22.5 0.0231 0. 0.
-2.6 -2.4 22.5 26.0 0.0218 0. 0.
-2.6 -2.4 26.0 30.0 0.0208 0. 0.
-2.6 -2.4 30.0 34.5 0.0202 0. 0.
-2.6 -2.4 34.5 40.0 0.0186 0. 0.
-2.6 -2.4 40.0 46.0 0.0172 0. 0.
-2.6 -2.4 46.0 52.5 0.0162 0. 0.
-2.6 -2.4 52.5 60.0 0.0154 0. 0.
-2.6 -2.4 60.0 69.0 0.0148 0. 0.
-2.6 -2.4 69.0 79.0 0.0142 0. 0.
-2.6 -2.4 79.0 90.5 0.0134 0. 0.
-2.6 -2.4 90.5 105.5 0.0127 0. 0.
-2.6 -2.4 105.5 123.5 0.0120 0. 0.
-2.6 -2.4 123.5 143.0 0.0114 0. 0.
-2.6 -2.4 143.0 163.5 0.0109 0. 0.
-2.6 -2.4 163.5 185.0 0.0106 0. 0.
-2.6 -2.4 185.0 208.0 0.0103 0. 0.
-2.6 -2.4 208.0 232.5 0.0102 0. 0.
-2.6 -2.4 232.5 258.5 0.0102 0. 0.
-2.6 -2.4 258.5 286.0 0.0103 0. 0.
-2.6 -2.4 286.0 331.0 0.0104 0. 0.
-2.6 -2.4 331.0 396.0 0.0108 0. 0.
-2.6 -2.4 396.0 468.5 0.0114 0. 0.
-2.6 -2.4 468.5 549.5 0.0121 0. 0.
-2.6 -2.4 549.5 639.0 0.0129 0. 0.
-2.6 -2.4 639.0 738.0 0.0138 0. 0.
-2.6 -2.4 738.0 847.5 0.0144 0. 0.
-2.6 -2.4 847.5 968.5 0.0151 0. 0.
-2.6 -2.4 968.5 1102.0 0.0157 0. 0.
-2.6 -2.4 1102.0 1249.5 0.0164 0. 0.
-2.6 -2.4 1249.5 1412.0 0.0170 0. 0.
-2.6 -2.4 1412.0 1590.5 0.0177 0. 0.
-2.6 -2.4 1590.5 1787.0 0.0184 0. 0.
-2.6 -2.4 1787.0 1945.0 0.0190 0. 0.
-2.6 -2.4 1945.0 2119.0 0.0195 0. 0.
-2.6 -2.4 2119.0 2369.0 0.0200 0. 0.
-2.6 -2.4 2369.0 2643.5 0.0207 0. 0.
-2.6 -2.4 2643.5 2945.0 0.0213 0. 0.
-2.6 -2.4 2945.0 3276.5 0.0220 0. 0.
-2.4 -2.2 9.0 11.0 0.0328 0. 0.
-2.4 -2.2 11.0 13.5 0.0285 0. 0.
-2.4 -2.2 13.5 16.5 0.0251 0. 0.
-2.4 -2.2 16.5 19.5 0.0228 0. 0.
-2.4 -2.2 19.5 22.5 0.0215 0. 0.
-2.4 -2.2 22.5 26.0 0.0206 0. 0.
-2.4 -2.2 26.0 30.0 0.0200 0. 0.
-2.4 -2.2 30.0 34.5 0.0196 0. 0.
-2.4 -2.2 34.5 40.0 0.0180 0. 0.
-2.4 -2.2 40.0 46.0 0.0166 0. 0.
-2.4 -2.2 46.0 52.5 0.0155 0. 0.
-2.4 -2.2 52.5 60.0 0.0147 0. 0.
-2.4 -2.2 60.0 69.0 0.0141 0. 0.
-2.4 -2.2 69.0 79.0 0.0133 0. 0.
-2.4 -2.2 79.0 90.5 0.0125 0. 0.
-2.4 -2.2 90.5 105.5 0.0117 0. 0.
-2.4 -2.2 105.5 123.5 0.0110 0. 0.
-2.4 -2.2 123.5 143.0 0.0102 0. 0.
-2.4 -2.2 143.0 163.5 0.0096 0. 0.
-2.4 -2.2 163.5 185.0 0.0092 0. 0.
-2.4 -2.2 185.0 208.0 0.0088 0. 0.
-2.4 -2.2 208.0 232.5 0.0085 0. 0.
-2.4 -2.2 232.5 258.5 0.0084 0. 0.
-2.4 -2.2 258.5 286.0 0.0083 0. 0.
-2.4 -2.2 286.0 331.0 0.0082 0. 0.
-2.4 -2.2 331.0 396.0 0.0083 0. 0.
-2.4 -2.2 396.0 468.5 0.0085 0. 0.
-2.4 -2.2 468.5 549.5 0.0089 0. 0.
-2.4 -2.2 549.5 639.0 0.0093 0. 0.
-2.4 -2.2 639.0 738.0 0.0098 0. 0.
-2.4 -2.2 738.0 847.5 0.0102 0. 0.
-2.4 -2.2 847.5 968.5 0.0105 0. 0.
-2.4 -2.2 968.5 1102.0 0.0108 0. 0.
-2.4 -2.2 1102.0 1249.5 0.0111 0. 0.
-2.4 -2.2 1249.5 1412.0 0.0114 0. 0.
-2.4 -2.2 1412.0 1590.5 0.0118 0. 0.
-2.4 -2.2 1590.5 1787.0 0.0121 0. 0.
-2.4 -2.2 1787.0 1945.0 0.0125 0. 0.
-2.4 -2.2 1945.0 2119.0 0.0127 0. 0.
-2.4 -2.2 2119.0 2369.0 0.0130 0. 0.
-2.4 -2.2 2369.0 2643.5 0.0133 0. 0.
-2.4 -2.2 2643.5 2945.0 0.0136 0. 0.
-2.4 -2.2 2945.0 3276.5 0.0139 0. 0.
-2.2 -2.0 9.0 11.0 0.0340 0. 0.
-2.2 -2.0 11.0 13.5 0.0298 0. 0.
-2.2 -2.0 13.5 16.5 0.0266 0. 0.
-2.2 -2.0 16.5 19.5 0.0244 0. 0.
-2.2 -2.0 19.5 22.5 0.0231 0. 0.
-2.2 -2.0 22.5 26.0 0.0223 0. 0.
-2.2 -2.0 26.0 30.0 0.0217 0. 0.
-2.2 -2.0 30.0 34.5 0.0213 0. 0.
-2.2 -2.0 34.5 40.0 0.0198 0. 0.
-2.2 -2.0 40.0 46.0 0.0185 0. 0.
-2.2 -2.0 46.0 52.5 0.0175 0. 0.
-2.2 -2.0 52.5 60.0 0.0168 0. 0.
-2.2 -2.0 60.0 69.0 0.0163 0. 0.
-2.2 -2.0 69.0 79.0 0.0154 0. 0.
-2.2 -2.0 79.0 90.5 0.0144 0. 0.
-2.2 -2.0 90.5 105.5 0.0134 0. 0.
-2.2 -2.0 105.5 123.5 0.0123 0. 0.
-2.2 -2.0 123.5 143.0 0.0113 0. 0.
-2.2 -2.0 143.0 163.5 0.0105 0. 0.
-2.2 -2.0 163.5 185.0 0.0098 0. 0.
-2.2 -2.0 185.0 208.0 0.0092 0. 0.
-2.2 -2.0 208.0 232.5 0.0088 0. 0.
-2.2 -2.0 232.5 258.5 0.0085 0. 0.
-2.2 -2.0 258.5 286.0 0.0083 0. 0.
-2.2 -2.0 286.0 331.0 0.0081 0. 0.
-2.2 -2.0 331.0 396.0 0.0081 0. 0.
-2.2 -2.0 396.0 468.5 0.0084 0. 0.
-2.2 -2.0 468.5 549.5 0.0088 0. 0.
-2.2 -2.0 549.5 639.0 0.0095 0. 0.
-2.2 -2.0 639.0 738.0 0.0102 0. 0.
-2.2 -2.0 738.0 847.5 0.0107 0. 0.
-2.2 -2.0 847.5 968.5 0.0112 0. 0.
-2.2 -2.0 968.5 1102.0 0.0114 0. 0.
-2.2 -2.0 1102.0 1249.5 0.0117 0. 0.
-2.2 -2.0 1249.5 1412.0 0.0120 0. 0.
-2.2 -2.0 1412.0 1590.5 0.0123 0. 0.
-2.2 -2.0 1590.5 1787.0 0.0126 0. 0.
-2.2 -2.0 1787.0 1945.0 0.0129 0. 0.
-2.2 -2.0 1945.0 2119.0 0.0132 0. 0.
-2.2 -2.0 2119.0 2369.0 0.0134 0. 0.
-2.2 -2.0 2369.0 2643.5 0.0137 0. 0.
-2.2 -2.0 2643.5 2945.0 0.0140 0. 0.
-2.2 -2.0 2945.0 3276.5 0.0143 0. 0.
-2.0 -1.8 9.0 11.0 0.0301 0. 0.
-2.0 -1.8 11.0 13.5 0.0266 0. 0.
-2.0 -1.8 13.5 16.5 0.0241 0. 0.
-2.0 -1.8 16.5 19.5 0.0223 0. 0.
-2.0 -1.8 19.5 22.5 0.0212 0. 0.
-2.0 -1.8 22.5 26.0 0.0205 0. 0.
-2.0 -1.8 26.0 30.0 0.0200 0. 0.
-2.0 -1.8 30.0 34.5 0.0196 0. 0.
-2.0 -1.8 34.5 40.0 0.0181 0. 0.
-2.0 -1.8 40.0 46.0 0.0167 0. 0.
-2.0 -1.8 46.0 52.5 0.0156 0. 0.
-2.0 -1.8 52.5 60.0 0.0148 0. 0.
-2.0 -1.8 60.0 69.0 0.0141 0. 0.
-2.0 -1.8 69.0 79.0 0.0134 0. 0.
-2.0 -1.8 79.0 90.5 0.0125 0. 0.
-2.0 -1.8 90.5 105.5 0.0117 0. 0.
-2.0 -1.8 105.5 123.5 0.0109 0. 0.
-2.0 -1.8 123.5 143.0 0.0101 0. 0.
-2.0 -1.8 143.0 163.5 0.0094 0. 0.
-2.0 -1.8 163.5 185.0 0.0088 0. 0.
-2.0 -1.8 185.0 208.0 0.0084 0. 0.
-2.0 -1.8 208.0 232.5 0.0080 0. 0.
-2.0 -1.8 232.5 258.5 0.0077 0. 0.
-2.0 -1.8 258.5 286.0 0.0075 0. 0.
-2.0 -1.8 286.0 331.0 0.0073 0. 0.
-2.0 -1.8 331.0 396.0 0.0072 0. 0.
-2.0 -1.8 396.0 468.5 0.0071 0. 0.
-2.0 -1.8 468.5 549.5 0.0073 0. 0.
-2.0 -1.8 549.5 639.0 0.0075 0. 0.
-2.0 -1.8 639.0 738.0 0.0079 0. 0.
-2.0 -1.8 738.0 847.5 0.0083 0. 0.
-2.0 -1.8 847.5 968.5 0.0088 0. 0.
-2.0 -1.8 968.5 1102.0 0.0091 0. 0.
-2.0 -1.8 1102.0 1249.5 0.0093 0. 0.
-2.0 -1.8 1249.5 1412.0 0.0096 0. 0.
-2.0 -1.8 1412.0 1590.5 0.0099 0. 0.
-2.0 -1.8 1590.5 1787.0 0.0102 0. 0.
-2.0 -1.8 1787.0 1945.0 0.0105 0. 0.
-2.0 -1.8 1945.0 2119.0 0.0107 0. 0.
-2.0 -1.8 2119.0 2369.0 0.0109 0. 0.
-2.0 -1.8 2369.0 2643.5 0.0111 0. 0.
-2.0 -1.8 2643.5 2945.0 0.0114 0. 0.
-2.0 -1.8 2945.0 3276.5 0.0116 0. 0.
-1.8 -1.6 9.0 11.0 0.0301 0. 0.
-1.8 -1.6 11.0 13.5 0.0266 0. 0.
-1.8 -1.6 13.5 16.5 0.0242 0. 0.
-1.8 -1.6 16.5 19.5 0.0226 0. 0.
-1.8 -1.6 19.5 22.5 0.0217 0. 0.
-1.8 -1.6 22.5 26.0 0.0211 0. 0.
-1.8 -1.6 26.0 30.0 0.0206 0. 0.
-1.8 -1.6 30.0 34.5 0.0203 0. 0.
-1.8 -1.6 34.5 40.0 0.0188 0. 0.
-1.8 -1.6 40.0 46.0 0.0174 0. 0.
-1.8 -1.6 46.0 52.5 0.0164 0. 0.
-1.8 -1.6 52.5 60.0 0.0156 0. 0.
-1.8 -1.6 60.0 69.0 0.0150 0. 0.
-1.8 -1.6 69.0 79.0 0.0142 0. 0.
-1.8 -1.6 79.0 90.5 0.0132 0. 0.
-1.8 -1.6 90.5 105.5 0.0123 0. 0.
-1.8 -1.6 105.5 123.5 0.0114 0. 0.
-1.8 -1.6 123.5 143.0 0.0105 0. 0.
-1.8 -1.6 143.0 163.5 0.0097 0. 0.
-1.8 -1.6 163.5 185.0 0.0090 0. 0.
-1.8 -1.6 185.0 208.0 0.0085 0. 0.
-1.8 -1.6 208.0 232.5 0.0081 0. 0.
-1.8 -1.6 232.5 258.5 0.0077 0. 0.
-1.8 -1.6 258.5 286.0 0.0074 0. 0.
-1.8 -1.6 286.0 331.0 0.0073 0. 0.
-1.8 -1.6 331.0 396.0 0.0071 0. 0.
-1.8 -1.6 396.0 468.5 0.0071 0. 0.
-1.8 -1.6 468.5 549.5 0.0072 0. 0.
-1.8 -1.6 549.5 639.0 0.0076 0. 0.
-1.8 -1.6 639.0 738.0 0.0080 0. 0.
-1.8 -1.6 738.0 847.5 0.0085 0. 0.
-1.8 -1.6 847.5 968.5 0.0090 0. 0.
-1.8 -1.6 968.5 1102.0 0.0093 0. 0.
-1.8 -1.6 1102.0 1249.5 0.0095 0. 0.
-1.8 -1.6 1249.5 1412.0 0.0096 0. 0.
-1.8 -1.6 1412.0 1590.5 0.0098 0. 0.
-1.8 -1.6 1590.5 1787.0 0.0101 0. 0.
-1.8 -1.6 1787.0 1945.0 0.0103 0. 0.
-1.8 -1.6 1945.0 2119.0 0.0104 0. 0.
-1.8 -1.6 2119.0 2369.0 0.0106 0. 0.
-1.8 -1.6 2369.0 2643.5 0.0107 0. 0.
-1.8 -1.6 2643.5 2945.0 0.0109 0. 0.
-1.8 -1.6 2945.0 3276.5 0.0111 0. 0.
-1.6 -1.4 9.0 11.0 0.0316 0. 0.
-1.6 -1.4 11.0 13.5 0.0283 0. 0.
-1.6 -1.4 13.5 16.5 0.0261 0. 0.
-1.6 -1.4 16.5 19.5 0.0246 0. 0.
-1.6 -1.4 19.5 22.5 0.0237 0. 0.
-1.6 -1.4 22.5 26.0 0.0231 0. 0.
-1.6 -1.4 26.0 30.0 0.0227 0. 0.
-1.6 -1.4 30.0 34.5 0.0224 0. 0.
-1.6 -1.4 34.5 40.0 0.0210 0. 0.
-1.6 -1.4 40.0 46.0 0.0199 0. 0.
-1.6 -1.4 46.0 52.5 0.0189 0. 0.
-1.6 -1.4 52.5 60.0 0.0183 0. 0.
-1.6 -1.4 60.0 69.0 0.0178 0. 0.
-1.6 -1.4 69.0 79.0 0.0168 0. 0.
-1.6 -1.4 79.0 90.5 0.0156 0. 0.
-1.6 -1.4 90.5 105.5 0.0145 0. 0.
-1.6 -1.4 105.5 123.5 0.0133 0. 0.
-1.6 -1.4 123.5 143.0 0.0121 0. 0.
-1.6 -1.4 143.0 163.5 0.0110 0. 0.
-1.6 -1.4 163.5 185.0 0.0102 0. 0.
-1.6 -1.4 185.0 208.0 0.0094 0. 0.
-1.6 -1.4 208.0 232.5 0.0087 0. 0.
-1.6 -1.4 232.5 258.5 0.0082 0. 0.
-1.6 -1.4 258.5 286.0 0.0078 0. 0.
-1.6 -1.4 286.0 331.0 0.0074 0. 0.
-1.6 -1.4 331.0 396.0 0.0071 0. 0.
-1.6 -1.4 396.0 468.5 0.0070 0. 0.
-1.6 -1.4 468.5 549.5 0.0072 0. 0.
-1.6 -1.4 549.5 639.0 0.0077 0. 0.
-1.6 -1.4 639.0 738.0 0.0083 0. 0.
-1.6 -1.4 738.0 847.5 0.0090 0. 0.
-1.6 -1.4 847.5 968.5 0.0098 0. 0.
-1.6 -1.4 968.5 1102.0 0.0106 0. 0.
-1.6 -1.4 1102.0 1249.5 0.0114 0. 0.
-1.6 -1.4 1249.5 1412.0 0.0118 0. 0.
-1.6 -1.4 1412.0 1590.5 0.0119 0. 0.
-1.6 -1.4 1590.5 1787.0 0.0121 0. 0.
-1.6 -1.4 1787.0 1945.0 0.0122 0. 0.
-1.6 -1.4 1945.0 2119.0 0.0123 0. 0.
-1.6 -1.4 2119.0 2369.0 0.0124 0. 0.
-1.6 -1.4 2369.0 2643.5 0.0125 0. 0.
-1.6 -1.4 2643.5 2945.0 0.0126 0. 0.
-1.6 -1.4 2945.0 3276.5 0.0127 0. 0.
-1.4 -1.2 9.0 11.0 0.0287 0. 0.
-1.4 -1.2 11.0 13.5 0.0251 0. 0.
-1.4 -1.2 13.5 16.5 0.0224 0. 0.
-1.4 -1.2 16.5 19.5 0.0206 0. 0.
-1.4 -1.2 19.5 22.5 0.0196 0. 0.
-1.4 -1.2 22.5 26.0 0.0189 0. 0.
-1.4 -1.2 26.0 30.0 0.0184 0. 0.
-1.4 -1.2 30.0 34.5 0.0180 0. 0.
-1.4 -1.2 34.5 40.0 0.0163 0. 0.
-1.4 -1.2 40.0 46.0 0.0147 0. 0.
-1.4 -1.2 46.0 52.5 0.0134 0. 0.
-1.4 -1.2 52.5 60.0 0.0125 0. 0.
-1.4 -1.2 60.0 69.0 0.0117 0. 0.
-1.4 -1.2 69.0 79.0 0.0109 0. 0.
-1.4 -1.2 79.0 90.5 0.0102 0. 0.
-1.4 -1.2 90.5 105.5 0.0095 0. 0.
-1.4 -1.2 105.5 123.5 0.0088 0. 0.
-1.4 -1.2 123.5 143.0 0.0082 0. 0.
-1.4 -1.2 143.0 163.5 0.0077 0. 0.
-1.4 -1.2 163.5 185.0 0.0073 0. 0.
-1.4 -1.2 185.0 208.0 0.0069 0. 0.
-1.4 -1.2 208.0 232.5 0.0067 0. 0.
-1.4 -1.2 232.5 258.5 0.0065 0. 0.
-1.4 -1.2 258.5 286.0 0.0063 0. 0.
-1.4 -1.2 286.0 331.0 0.0062 0. 0.
-1.4 -1.2 331.0 396.0 0.0061 0. 0.
-1.4 -1.2 396.0 468.5 0.0060 0. 0.
-1.4 -1.2 468.5 549.5 0.0061 0. 0.
-1.4 -1.2 549.5 639.0 0.0062 0. 0.
-1.4 -1.2 639.0 738.0 0.0063 0. 0.
-1.4 -1.2 738.0 847.5 0.0065 0. 0.
-1.4 -1.2 847.5 968.5 0.0067 0. 0.
-1.4 -1.2 968.5 1102.0 0.0069 0. 0.
-1.4 -1.2 1102.0 1249.5 0.0072 0. 0.
-1.4 -1.2 1249.5 1412.0 0.0074 0. 0.
-1.4 -1.2 1412.0 1590.5 0.0076 0. 0.
-1.4 -1.2 1590.5 1787.0 0.0078 0. 0.
-1.4 -1.2 1787.0 1945.0 0.0080 0. 0.
-1.4 -1.2 1945.0 2119.0 0.0081 0. 0.
-1.4 -1.2 2119.0 2369.0 0.0082 0. 0.
-1.4 -1.2 2369.0 2643.5 0.0084 0. 0.
-1.4 -1.2 2643.5 2945.0 0.0085 0. 0.
-1.4 -1.2 2945.0 3276.5 0.0086 0. 0.
-1.2 -1.0 9.0 11.0 0.0287 0. 0.
-1.2 -1.0 11.0 13.5 0.0250 0. 0.
-1.2 -1.0 13.5 16.5 0.0223 0. 0.
-1.2 -1.0 16.5 19.5 0.0205 0. 0.
-1.2 -1.0 19.5 22.5 0.0195 0. 0.
-1.2 -1.0 22.5 26.0 0.0188 0. 0.
-1.2 -1.0 26.0 30.0 0.0182 0. 0.
-1.2 -1.0 30.0 34.5 0.0179 0. 0.
-1.2 -1.0 34.5 40.0 0.0161 0. 0.
-1.2 -1.0 40.0 46.0 0.0145 0. 0.
-1.2 -1.0 46.0 52.5 0.0132 0. 0.
-1.2 -1.0 52.5 60.0 0.0122 0. 0.
-1.2 -1.0 60.0 69.0 0.0115 0. 0.
-1.2 -1.0 69.0 79.0 0.0107 0. 0.
-1.2 -1.0 79.0 90.5 0.0100 0. 0.
-1.2 -1.0 90.5 105.5 0.0093 0. 0.
-1.2 -1.0 105.5 123.5 0.0087 0. 0.
-1.2 -1.0 123.5 143.0 0.0080 0. 0.
-1.2 -1.0 143.0 163.5 0.0076 0. 0.
-1.2 -1.0 163.5 185.0 0.0072 0. 0.
-1.2 -1.0 185.0 208.0 0.0069 0. 0.
-1.2 -1.0 208.0 232.5 0.0066 0. 0.
-1.2 -1.0 232.5 258.5 0.0064 0. 0.
-1.2 -1.0 258.5 286.0 0.0063 0. 0.
-1.2 -1.0 286.0 331.0 0.0062 0. 0.
-1.2 -1.0 331.0 396.0 0.0060 0. 0.
-1.2 -1.0 396.0 468.5 0.0060 0. 0.
-1.2 -1.0 468.5 549.5 0.0060 0. 0.
-1.2 -1.0 549.5 639.0 0.0061 0. 0.
-1.2 -1.0 639.0 738.0 0.0062 0. 0.
-1.2 -1.0 738.0 847.5 0.0064 0. 0.
-1.2 -1.0 847.5 968.5 0.0066 0. 0.
-1.2 -1.0 968.5 1102.0 0.0068 0. 0.
-1.2 -1.0 1102.0 1249.5 0.0070 0. 0.
-1.2 -1.0 1249.5 1412.0 0.0072 0. 0.
-1.2 -1.0 1412.0 1590.5 0.0074 0. 0.
-1.2 -1.0 1590.5 1787.0 0.0076 0. 0.
-1.2 -1.0 1787.0 1945.0 0.0078 0. 0.
-1.2 -1.0 1945.0 2119.0 0.0080 0. 0.
-1.2 -1.0 2119.0 2369.0 0.0081 0. 0.
-1.2 -1.0 2369.0 2643.5 0.0083 0. 0.
-1.2 -1.0 2643.5 2945.0 0.0084 0. 0.
-1.2 -1.0 2945.0 3276.5 0.0085 0. 0.
-1.0 -0.8 9.0 11.0 0.0298 0. 0.
-1.0 -0.8 11.0 13.5 0.0257 0. 0.
-1.0 -0.8 13.5 16.5 0.0229 0. 0.
-1.0 -0.8 16.5 19.5 0.0210 0. 0.
-1.0 -0.8 19.5 22.5 0.0199 0. 0.
-1.0 -0.8 22.5 26.0 0.0193 0. 0.
-1.0 -0.8 26.0 30.0 0.0188 0. 0.
-1.0 -0.8 30.0 34.5 0.0184 0. 0.
-1.0 -0.8 34.5 40.0 0.0167 0. 0.
-1.0 -0.8 40.0 46.0 0.0151 0. 0.
-1.0 -0.8 46.0 52.5 0.0139 0. 0.
-1.0 -0.8 52.5 60.0 0.0130 0. 0.
-1.0 -0.8 60.0 69.0 0.0122 0. 0.
-1.0 -0.8 69.0 79.0 0.0114 0. 0.
-1.0 -0.8 79.0 90.5 0.0107 0. 0.
-1.0 -0.8 90.5 105.5 0.0099 0. 0.
-1.0 -0.8 105.5 123.5 0.0092 0. 0.
-1.0 -0.8 123.5 143.0 0.0085 0. 0.
-1.0 -0.8 143.0 163.5 0.0079 0. 0.
-1.0 -0.8 163.5 185.0 0.0075 0. 0.
-1.0 -0.8 185.0 208.0 0.0071 0. 0.
-1.0 -0.8 208.0 232.5 0.0068 0. 0.
-1.0 -0.8 232.5 258.5 0.0065 0. 0.
-1.0 -0.8 258.5 286.0 0.0063 0. 0.
-1.0 -0.8 286.0 331.0 0.0062 0. 0.
-1.0 -0.8 331.0 396.0 0.0061 0. 0.
-1.0 -0.8 396.0 468.5 0.0060 0. 0.
-1.0 -0.8 468.5 549.5 0.0060 0. 0.
-1.0 -0.8 549.5 639.0 0.0061 0. 0.
-1.0 -0.8 639.0 738.0 0.0063 0. 0.
-1.0 -0.8 738.0 847.5 0.0065 0. 0.
-1.0 -0.8 847.5 968.5 0.0068 0. 0.
-1.0 -0.8 968.5 1102.0 0.0070 0. 0.
-1.0 -0.8 1102.0 1249.5 0.0073 0. 0.
-1.0 -0.8 1249.5 1412.0 0.0076 0. 0.
-1.0 -0.8 1412.0 1590.5 0.0079 0. 0.
-1.0 -0.8 1590.5 1787.0 0.0082 0. 0.
-1.0 -0.8 1787.0 1945.0 0.0084 0. 0.
-1.0 -0.8 1945.0 2119.0 0.0085 0. 0.
-1.0 -0.8 2119.0 2369.0 0.0086 0. 0.
-1.0 -0.8 2369.0 2643.5 0.0088 0. 0.
-1.0 -0.8 2643.5 2945.0 0.0089 0. 0.
-1.0 -0.8 2945.0 3276.5 0.0090 0. 0.
-0.8 -0.6 9.0 11.0 0.0294 0. 0.
-0.8 -0.6 11.0 13.5 0.0252 0. 0.
-0.8 -0.6 13.5 16.5 0.0223 0. 0.
-0.8 -0.6 16.5 19.5 0.0204 0. 0.
-0.8 -0.6 19.5 22.5 0.0193 0. 0.
-0.8 -0.6 22.5 26.0 0.0186 0. 0.
-0.8 -0.6 26.0 30.0 0.0181 0. 0.
-0.8 -0.6 30.0 34.5 0.0177 0. 0.
-0.8 -0.6 34.5 40.0 0.0160 0. 0.
-0.8 -0.6 40.0 46.0 0.0144 0. 0.
-0.8 -0.6 46.0 52.5 0.0131 0. 0.
-0.8 -0.6 52.5 60.0 0.0121 0. 0.
-0.8 -0.6 60.0 69.0 0.0113 0. 0.
-0.8 -0.6 69.0 79.0 0.0105 0. 0.
-0.8 -0.6 79.0 90.5 0.0098 0. 0.
-0.8 -0.6 90.5 105.5 0.0092 0. 0.
-0.8 -0.6 105.5 123.5 0.0085 0. 0.
-0.8 -0.6 123.5 143.0 0.0079 0. 0.
-0.8 -0.6 143.0 163.5 0.0074 0. 0.
-0.8 -0.6 163.5 185.0 0.0071 0. 0.
-0.8 -0.6 185.0 208.0 0.0068 0. 0.
-0.8 -0.6 208.0 232.5 0.0065 0. 0.
-0.8 -0.6 232.5 258.5 0.0063 0. 0.
-0.8 -0.6 258.5 286.0 0.0062 0. 0.
-0.8 -0.6 286.0 331.0 0.0061 0. 0.
-0.8 -0.6 331.0 396.0 0.0060 0. 0.
-0.8 -0.6 396.0 468.5 0.0060 0. 0.
-0.8 -0.6 468.5 549.5 0.0060 0. 0.
-0.8 -0.6 549.5 639.0 0.0061 0. 0.
-0.8 -0.6 639.0 738.0 0.0062 0. 0.
-0.8 -0.6 738.0 847.5 0.0063 0. 0.
-0.8 -0.6 847.5 968.5 0.0065 0. 0.
-0.8 -0.6 968.5 1102.0 0.0067 0. 0.
-0.8 -0.6 1102.0 1249.5 0.0069 0. 0.
-0.8 -0.6 1249.5 1412.0 0.0071 0. 0.
-0.8 -0.6 1412.0 1590.5 0.0073 0. 0.
-0.8 -0.6 1590.5 1787.0 0.0075 0. 0.
-0.8 -0.6 1787.0 1945.0 0.0077 0. 0.
-0.8 -0.6 1945.0 2119.0 0.0079 0. 0.
-0.8 -0.6 2119.0 2369.0 0.0080 0. 0.
-0.8 -0.6 2369.0 2643.5 0.0081 0. 0.
-0.8 -0.6 2643.5 2945.0 0.0083 0. 0.
-0.8 -0.6 2945.0 3276.5 0.0084 0. 0.
-0.6 -0.4 9.0 11.0 0.0290 0. 0.
-0.6 -0.4 11.0 13.5 0.0250 0. 0.
-0.6 -0.4 13.5 16.5 0.0221 0. 0.
-0.6 -0.4 16.5 19.5 0.0203 0. 0.
-0.6 -0.4 19.5 22.5 0.0192 0. 0.
-0.6 -0.4 22.5 26.0 0.0185 0. 0.
-0.6 -0.4 26.0 30.0 0.0180 0. 0.
-0.6 -0.4 30.0 34.5 0.0177 0. 0.
-0.6 -0.4 34.5 40.0 0.0159 0. 0.
-0.6 -0.4 40.0 46.0 0.0143 0. 0.
-0.6 -0.4 46.0 52.5 0.0130 0. 0.
-0.6 -0.4 52.5 60.0 0.0120 0. 0.
-0.6 -0.4 60.0 69.0 0.0113 0. 0.
-0.6 -0.4 69.0 79.0 0.0105 0. 0.
-0.6 -0.4 79.0 90.5 0.0098 0. 0.
-0.6 -0.4 90.5 105.5 0.0091 0. 0.
-0.6 -0.4 105.5 123.5 0.0085 0. 0.
-0.6 -0.4 123.5 143.0 0.0079 0. 0.
-0.6 -0.4 143.0 163.5 0.0074 0. 0.
-0.6 -0.4 163.5 185.0 0.0071 0. 0.
-0.6 -0.4 185.0 208.0 0.0068 0. 0.
-0.6 -0.4 208.0 232.5 0.0065 0. 0.
-0.6 -0.4 232.5 258.5 0.0063 0. 0.
-0.6 -0.4 258.5 286.0 0.0062 0. 0.
-0.6 -0.4 286.0 331.0 0.0061 0. 0.
-0.6 -0.4 331.0 396.0 0.0060 0. 0.
-0.6 -0.4 396.0 468.5 0.0060 0. 0.
-0.6 -0.4 468.5 549.5 0.0060 0. 0.
-0.6 -0.4 549.5 639.0 0.0061 0. 0.
-0.6 -0.4 639.0 738.0 0.0062 0. 0.
-0.6 -0.4 738.0 847.5 0.0063 0. 0.
-0.6 -0.4 847.5 968.5 0.0065 0. 0.
-0.6 -0.4 968.5 1102.0 0.0067 0. 0.
-0.6 -0.4 1102.0 1249.5 0.0069 0. 0.
-0.6 -0.4 1249.5 1412.0 0.0071 0. 0.
-0.6 -0.4 1412.0 1590.5 0.0073 0. 0.
-0.6 -0.4 1590.5 1787.0 0.0075 0. 0.
-0.6 -0.4 1787.0 1945.0 0.0077 0. 0.
-0.6 -0.4 1945.0 2119.0 0.0079 0. 0.
-0.6 -0.4 2119.0 2369.0 0.0080 0. 0.
-0.6 -0.4 2369.0 2643.5 0.0081 0. 0.
-0.6 -0.4 2643.5 2945.0 0.0083 0. 0.
-0.6 -0.4 2945.0 3276.5 0.0084 0. 0.
-0.4 -0.2 9.0 11.0 0.0290 0. 0.
-0.4 -0.2 11.0 13.5 0.0249 0. 0.
-0.4 -0.2 13.5 16.5 0.0221 0. 0.
-0.4 -0.2 16.5 19.5 0.0203 0. 0.
-0.4 -0.2 19.5 22.5 0.0192 0. 0.
-0.4 -0.2 22.5 26.0 0.0186 0. 0.
-0.4 -0.2 26.0 30.0 0.0181 0. 0.
-0.4 -0.2 30.0 34.5 0.0177 0. 0.
-0.4 -0.2 34.5 40.0 0.0160 0. 0.
-0.4 -0.2 40.0 46.0 0.0144 0. 0.
-0.4 -0.2 46.0 52.5 0.0131 0. 0.
-0.4 -0.2 52.5 60.0 0.0121 0. 0.
-0.4 -0.2 60.0 69.0 0.0113 0. 0.
-0.4 -0.2 69.0 79.0 0.0106 0. 0.
-0.4 -0.2 79.0 90.5 0.0099 0. 0.
-0.4 -0.2 90.5 105.5 0.0092 0. 0.
-0.4 -0.2 105.5 123.5 0.0086 0. 0.
-0.4 -0.2 123.5 143.0 0.0080 0. 0.
-0.4 -0.2 143.0 163.5 0.0075 0. 0.
-0.4 -0.2 163.5 185.0 0.0071 0. 0.
-0.4 -0.2 185.0 208.0 0.0068 0. 0.
-0.4 -0.2 208.0 232.5 0.0066 0. 0.
-0.4 -0.2 232.5 258.5 0.0064 0. 0.
-0.4 -0.2 258.5 286.0 0.0062 0. 0.
-0.4 -0.2 286.0 331.0 0.0061 0. 0.
-0.4 -0.2 331.0 396.0 0.0060 0. 0.
-0.4 -0.2 396.0 468.5 0.0060 0. 0.
-0.4 -0.2 468.5 549.5 0.0060 0. 0.
-0.4 -0.2 549.5 639.0 0.0061 0. 0.
-0.4 -0.2 639.0 738.0 0.0062 0. 0.
-0.4 -0.2 738.0 847.5 0.0063 0. 0.
-0.4 -0.2 847.5 968.5 0.0065 0. 0.
-0.4 -0.2 968.5 1102.0 0.0067 0. 0.
-0.4 -0.2 1102.0 1249.5 0.0069 0. 0.
-0.4 -0.2 1249.5 1412.0 0.0071 0. 0.
-0.4 -0.2 1412.0 1590.5 0.0073 0. 0.
-0.4 -0.2 1590.5 1787.0 0.0075 0. 0.
-0.4 -0.2 1787.0 1945.0 0.0077 0. 0.
-0.4 -0.2 1945.0 2119.0 0.0079 0. 0.
-0.4 -0.2 2119.0 2369.0 0.0080 0. 0.
-0.4 -0.2 2369.0 2643.5 0.0082 0. 0.
-0.4 -0.2 2643.5 2945.0 0.0083 0. 0.
-0.4 -0.2 2945.0 3276.5 0.0084 0. 0.
-0.2 0.0 9.0 11.0 0.0288 0. 0.
-0.2 0.0 11.0 13.5 0.0248 0. 0.
-0.2 0.0 13.5 16.5 0.0221 0. 0.
-0.2 0.0 16.5 19.5 0.0203 0. 0.
-0.2 0.0 19.5 22.5 0.0192 0. 0.
-0.2 0.0 22.5 26.0 0.0186 0. 0.
-0.2 0.0 26.0 30.0 0.0181 0. 0.
-0.2 0.0 30.0 34.5 0.0177 0. 0.
-0.2 0.0 34.5 40.0 0.0160 0. 0.
-0.2 0.0 40.0 46.0 0.0144 0. 0.
-0.2 0.0 46.0 52.5 0.0131 0. 0.
-0.2 0.0 52.5 60.0 0.0121 0. 0.
-0.2 0.0 60.0 69.0 0.0113 0. 0.
-0.2 0.0 69.0 79.0 0.0106 0. 0.
-0.2 0.0 79.0 90.5 0.0099 0. 0.
-0.2 0.0 90.5 105.5 0.0092 0. 0.
-0.2 0.0 105.5 123.5 0.0086 0. 0.
-0.2 0.0 123.5 143.0 0.0080 0. 0.
-0.2 0.0 143.0 163.5 0.0075 0. 0.
-0.2 0.0 163.5 185.0 0.0071 0. 0.
-0.2 0.0 185.0 208.0 0.0068 0. 0.
-0.2 0.0 208.0 232.5 0.0066 0. 0.
-0.2 0.0 232.5 258.5 0.0064 0. 0.
-0.2 0.0 258.5 286.0 0.0062 0. 0.
-0.2 0.0 286.0 331.0 0.0061 0. 0.
-0.2 0.0 331.0 396.0 0.0060 0. 0.
-0.2 0.0 396.0 468.5 0.0060 0. 0.
-0.2 0.0 468.5 549.5 0.0060 0. 0.
-0.2 0.0 549.5 639.0 0.0061 0. 0.
-0.2 0.0 639.0 738.0 0.0062 0. 0.
-0.2 0.0 738.0 847.5 0.0064 0. 0.
-0.2 0.0 847.5 968.5 0.0065 0. 0.
-0.2 0.0 968.5 1102.0 0.0067 0. 0.
-0.2 0.0 1102.0 1249.5 0.0069 0. 0.
-0.2 0.0 1249.5 1412.0 0.0071 0. 0.
-0.2 0.0 1412.0 1590.5 0.0073 0. 0.
-0.2 0.0 1590.5 1787.0 0.0076 0. 0.
-0.2 0.0 1787.0 1945.0 0.0078 0. 0.
-0.2 0.0 1945.0 2119.0 0.0079 0. 0.
-0.2 0.0 2119.0 2369.0 0.0080 0. 0.
-0.2 0.0 2369.0 2643.5 0.0082 0. 0.
-0.2 0.0 2643.5 2945.0 0.0083 0. 0.
-0.2 0.0 2945.0 3276.5 0.0084 0. 0.
0.0 0.2 9.0 11.0 0.0290 0. 0.
0.0 0.2 11.0 13.5 0.0250 0. 0.
0.0 0.2 13.5 16.5 0.0222 0. 0.
0.0 0.2 16.5 19.5 0.0204 0. 0.
0.0 0.2 19.5 22.5 0.0193 0. 0.
0.0 0.2 22.5 26.0 0.0187 0. 0.
0.0 0.2 26.0 30.0 0.0182 0. 0.
0.0 0.2 30.0 34.5 0.0178 0. 0.
0.0 0.2 34.5 40.0 0.0161 0. 0.
0.0 0.2 40.0 46.0 0.0145 0. 0.
0.0 0.2 46.0 52.5 0.0132 0. 0.
0.0 0.2 52.5 60.0 0.0123 0. 0.
0.0 0.2 60.0 69.0 0.0115 0. 0.
0.0 0.2 69.0 79.0 0.0107 0. 0.
0.0 0.2 79.0 90.5 0.0100 0. 0.
0.0 0.2 90.5 105.5 0.0093 0. 0.
0.0 0.2 105.5 123.5 0.0087 0. 0.
0.0 0.2 123.5 143.0 0.0080 0. 0.
0.0 0.2 143.0 163.5 0.0075 0. 0.
0.0 0.2 163.5 185.0 0.0071 0. 0.
0.0 0.2 185.0 208.0 0.0068 0. 0.
0.0 0.2 208.0 232.5 0.0066 0. 0.
0.0 0.2 232.5 258.5 0.0064 0. 0.
0.0 0.2 258.5 286.0 0.0062 0. 0.
0.0 0.2 286.0 331.0 0.0061 0. 0.
0.0 0.2 331.0 396.0 0.0060 0. 0.
0.0 0.2 396.0 468.5 0.0060 0. 0.
0.0 0.2 468.5 549.5 0.0060 0. 0.
0.0 0.2 549.5 639.0 0.0061 0. 0.
0.0 0.2 639.0 738.0 0.0062 0. 0.
0.0 0.2 738.0 847.5 0.0064 0. 0.
0.0 0.2 847.5 968.5 0.0066 0. 0.
0.0 0.2 968.5 1102.0 0.0068 0. 0.
0.0 0.2 1102.0 1249.5 0.0070 0. 0.
0.0 0.2 1249.5 1412.0 0.0072 0. 0.
0.0 0.2 1412.0 1590.5 0.0075 0. 0.
0.0 0.2 1590.5 1787.0 0.0077 0. 0.
0.0 0.2 1787.0 1945.0 0.0079 0. 0.
0.0 0.2 1945.0 2119.0 0.0080 0. 0.
0.0 0.2 2119.0 2369.0 0.0081 0. 0.
0.0 0.2 2369.0 2643.5 0.0083 0. 0.
0.0 0.2 2643.5 2945.0 0.0084 0. 0.
0.0 0.2 2945.0 3276.5 0.0085 0. 0.
0.2 0.4 9.0 11.0 0.0289 0. 0.
0.2 0.4 11.0 13.5 0.0249 0. 0.
0.2 0.4 13.5 16.5 0.0221 0. 0.
0.2 0.4 16.5 19.5 0.0203 0. 0.
0.2 0.4 19.5 22.5 0.0192 0. 0.
0.2 0.4 22.5 26.0 0.0186 0. 0.
0.2 0.4 26.0 30.0 0.0181 0. 0.
0.2 0.4 30.0 34.5 0.0177 0. 0.
0.2 0.4 34.5 40.0 0.0159 0. 0.
0.2 0.4 40.0 46.0 0.0144 0. 0.
0.2 0.4 46.0 52.5 0.0131 0. 0.
0.2 0.4 52.5 60.0 0.0121 0. 0.
0.2 0.4 60.0 69.0 0.0113 0. 0.
0.2 0.4 69.0 79.0 0.0105 0. 0.
0.2 0.4 79.0 90.5 0.0098 0. 0.
0.2 0.4 90.5 105.5 0.0092 0. 0.
0.2 0.4 105.5 123.5 0.0085 0. 0.
0.2 0.4 123.5 143.0 0.0079 0. 0.
0.2 0.4 143.0 163.5 0.0074 0. 0.
0.2 0.4 163.5 185.0 0.0071 0. 0.
0.2 0.4 185.0 208.0 0.0068 0. 0.
0.2 0.4 208.0 232.5 0.0065 0. 0.
0.2 0.4 232.5 258.5 0.0063 0. 0.
0.2 0.4 258.5 286.0 0.0062 0. 0.
0.2 0.4 286.0 331.0 0.0061 0. 0.
0.2 0.4 331.0 396.0 0.0060 0. 0.
0.2 0.4 396.0 468.5 0.0060 0. 0.
0.2 0.4 468.5 549.5 0.0060 0. 0.
0.2 0.4 549.5 639.0 0.0061 0. 0.
0.2 0.4 639.0 738.0 0.0062 0. 0.
0.2 0.4 738.0 847.5 0.0064 0. 0.
0.2 0.4 847.5 968.5 0.0065 0. 0.
0.2 0.4 968.5 1102.0 0.0067 0. 0.
0.2 0.4 1102.0 1249.5 0.0069 0. 0.
0.2 0.4 1249.5 1412.0 0.0071 0. 0.
0.2 0.4 1412.0 1590.5 0.0073 0. 0.
0.2 0.4 1590.5 1787.0 0.0076 0. 0.
0.2 0.4 1787.0 1945.0 0.0078 0. 0.
0.2 0.4 1945.0 2119.0 0.0079 0. 0.
0.2 0.4 2119.0 2369.0 0.0080 0. 0.
0.2 0.4 2369.0 2643.5 0.0082 0. 0.
0.2 0.4 2643.5 2945.0 0.0083 0. 0.
0.2 0.4 2945.0 3276.5 0.0084 0. 0.
0.4 0.6 9.0 11.0 0.0285 0. 0.
0.4 0.6 11.0 13.5 0.0248 0. 0.
0.4 0.6 13.5 16.5 0.0221 0. 0.
0.4 0.6 16.5 19.5 0.0203 0. 0.
0.4 0.6 19.5 22.5 0.0193 0. 0.
0.4 0.6 22.5 26.0 0.0186 0. 0.
0.4 0.6 26.0 30.0 0.0181 0. 0.
0.4 0.6 30.0 34.5 0.0177 0. 0.
0.4 0.6 34.5 40.0 0.0160 0. 0.
0.4 0.6 40.0 46.0 0.0144 0. 0.
0.4 0.6 46.0 52.5 0.0131 0. 0.
0.4 0.6 52.5 60.0 0.0121 0. 0.
0.4 0.6 60.0 69.0 0.0113 0. 0.
0.4 0.6 69.0 79.0 0.0105 0. 0.
0.4 0.6 79.0 90.5 0.0098 0. 0.
0.4 0.6 90.5 105.5 0.0092 0. 0.
0.4 0.6 105.5 123.5 0.0085 0. 0.
0.4 0.6 123.5 143.0 0.0079 0. 0.
0.4 0.6 143.0 163.5 0.0074 0. 0.
0.4 0.6 163.5 185.0 0.0071 0. 0.
0.4 0.6 185.0 208.0 0.0068 0. 0.
0.4 0.6 208.0 232.5 0.0065 0. 0.
0.4 0.6 232.5 258.5 0.0063 0. 0.
0.4 0.6 258.5 286.0 0.0062 0. 0.
0.4 0.6 286.0 331.0 0.0061 0. 0.
0.4 0.6 331.0 396.0 0.0060 0. 0.
0.4 0.6 396.0 468.5 0.0060 0. 0.
0.4 0.6 468.5 549.5 0.0060 0. 0.
0.4 0.6 549.5 639.0 0.0061 0. 0.
0.4 0.6 639.0 738.0 0.0062 0. 0.
0.4 0.6 738.0 847.5 0.0064 0. 0.
0.4 0.6 847.5 968.5 0.0065 0. 0.
0.4 0.6 968.5 1102.0 0.0067 0. 0.
0.4 0.6 1102.0 1249.5 0.0069 0. 0.
0.4 0.6 1249.5 1412.0 0.0071 0. 0.
0.4 0.6 1412.0 1590.5 0.0073 0. 0.
0.4 0.6 1590.5 1787.0 0.0075 0. 0.
0.4 0.6 1787.0 1945.0 0.0078 0. 0.
0.4 0.6 1945.0 2119.0 0.0079 0. 0.
0.4 0.6 2119.0 2369.0 0.0080 0. 0.
0.4 0.6 2369.0 2643.5 0.0082 0. 0.
0.4 0.6 2643.5 2945.0 0.0083 0. 0.
0.4 0.6 2945.0 3276.5 0.0084 0. 0.
0.6 0.8 9.0 11.0 0.0295 0. 0.
0.6 0.8 11.0 13.5 0.0253 0. 0.
0.6 0.8 13.5 16.5 0.0224 0. 0.
0.6 0.8 16.5 19.5 0.0205 0. 0.
0.6 0.8 19.5 22.5 0.0194 0. 0.
0.6 0.8 22.5 26.0 0.0187 0. 0.
0.6 0.8 26.0 30.0 0.0181 0. 0.
0.6 0.8 30.0 34.5 0.0177 0. 0.
0.6 0.8 34.5 40.0 0.0160 0. 0.
0.6 0.8 40.0 46.0 0.0144 0. 0.
0.6 0.8 46.0 52.5 0.0131 0. 0.
0.6 0.8 52.5 60.0 0.0121 0. 0.
0.6 0.8 60.0 69.0 0.0113 0. 0.
0.6 0.8 69.0 79.0 0.0105 0. 0.
0.6 0.8 79.0 90.5 0.0098 0. 0.
0.6 0.8 90.5 105.5 0.0092 0. 0.
0.6 0.8 105.5 123.5 0.0085 0. 0.
0.6 0.8 123.5 143.0 0.0079 0. 0.
0.6 0.8 143.0 163.5 0.0074 0. 0.
0.6 0.8 163.5 185.0 0.0071 0. 0.
0.6 0.8 185.0 208.0 0.0068 0. 0.
0.6 0.8 208.0 232.5 0.0065 0. 0.
0.6 0.8 232.5 258.5 0.0063 0. 0.
0.6 0.8 258.5 286.0 0.0062 0. 0.
0.6 0.8 286.0 331.0 0.0061 0. 0.
0.6 0.8 331.0 396.0 0.0060 0. 0.
0.6 0.8 396.0 468.5 0.0060 0. 0.
0.6 0.8 468.5 549.5 0.0060 0. 0.
0.6 0.8 549.5 639.0 0.0061 0. 0.
0.6 0.8 639.0 738.0 0.0062 0. 0.
0.6 0.8 738.0 847.5 0.0063 0. 0.
0.6 0.8 847.5 968.5 0.0065 0. 0.
0.6 0.8 968.5 1102.0 0.0067 0. 0.
0.6 0.8 1102.0 1249.5 0.0069 0. 0.
0.6 0.8 1249.5 1412.0 0.0071 0. 0.
0.6 0.8 1412.0 1590.5 0.0073 0. 0.
0.6 0.8 1590.5 1787.0 0.0075 0. 0.
0.6 0.8 1787.0 1945.0 0.0077 0. 0.
0.6 0.8 1945.0 2119.0 0.0079 0. 0.
0.6 0.8 2119.0 2369.0 0.0080 0. 0.
0.6 0.8 2369.0 2643.5 0.0081 0. 0.
0.6 0.8 2643.5 2945.0 0.0083 0. 0.
0.6 0.8 2945.0 3276.5 0.0084 0. 0.
0.8 1.0 9.0 11.0 0.0298 0. 0.
0.8 1.0 11.0 13.5 0.0258 0. 0.
0.8 1.0 13.5 16.5 0.0231 0. 0.
0.8 1.0 16.5 19.5 0.0212 0. 0.
0.8 1.0 19.5 22.5 0.0201 0. 0.
0.8 1.0 22.5 26.0 0.0195 0. 0.
0.8 1.0 26.0 30.0 0.0190 0. 0.
0.8 1.0 30.0 34.5 0.0186 0. 0.
0.8 1.0 34.5 40.0 0.0169 0. 0.
0.8 1.0 40.0 46.0 0.0154 0. 0.
0.8 1.0 46.0 52.5 0.0142 0. 0.
0.8 1.0 52.5 60.0 0.0132 0. 0.
0.8 1.0 60.0 69.0 0.0125 0. 0.
0.8 1.0 69.0 79.0 0.0117 0. 0.
0.8 1.0 79.0 90.5 0.0109 0. 0.
0.8 1.0 90.5 105.5 0.0102 0. 0.
0.8 1.0 105.5 123.5 0.0094 0. 0.
0.8 1.0 123.5 143.0 0.0087 0. 0.
0.8 1.0 143.0 163.5 0.0081 0. 0.
0.8 1.0 163.5 185.0 0.0076 0. 0.
0.8 1.0 185.0 208.0 0.0072 0. 0.
0.8 1.0 208.0 232.5 0.0069 0. 0.
0.8 1.0 232.5 258.5 0.0066 0. 0.
0.8 1.0 258.5 286.0 0.0064 0. 0.
0.8 1.0 286.0 331.0 0.0063 0. 0.
0.8 1.0 331.0 396.0 0.0061 0. 0.
0.8 1.0 396.0 468.5 0.0060 0. 0.
0.8 1.0 468.5 549.5 0.0060 0. 0.
0.8 1.0 549.5 639.0 0.0061 0. 0.
0.8 1.0 639.0 738.0 0.0063 0. 0.
0.8 1.0 738.0 847.5 0.0065 0. 0.
0.8 1.0 847.5 968.5 0.0067 0. 0.
0.8 1.0 968.5 1102.0 0.0070 0. 0.
0.8 1.0 1102.0 1249.5 0.0073 0. 0.
0.8 1.0 1249.5 1412.0 0.0076 0. 0.
0.8 1.0 1412.0 1590.5 0.0079 0. 0.
0.8 1.0 1590.5 1787.0 0.0082 0. 0.
0.8 1.0 1787.0 1945.0 0.0084 0. 0.
0.8 1.0 1945.0 2119.0 0.0085 0. 0.
0.8 1.0 2119.0 2369.0 0.0086 0. 0.
0.8 1.0 2369.0 2643.5 0.0088 0. 0.
0.8 1.0 2643.5 2945.0 0.0089 0. 0.
0.8 1.0 2945.0 3276.5 0.0090 0. 0.
1.0 1.2 9.0 11.0 0.0288 0. 0.
1.0 1.2 11.0 13.5 0.0250 0. 0.
1.0 1.2 13.5 16.5 0.0224 0. 0.
1.0 1.2 16.5 19.5 0.0205 0. 0.
1.0 1.2 19.5 22.5 0.0194 0. 0.
1.0 1.2 22.5 26.0 0.0188 0. 0.
1.0 1.2 26.0 30.0 0.0182 0. 0.
1.0 1.2 30.0 34.5 0.0178 0. 0.
1.0 1.2 34.5 40.0 0.0161 0. 0.
1.0 1.2 40.0 46.0 0.0145 0. 0.
1.0 1.2 46.0 52.5 0.0131 0. 0.
1.0 1.2 52.5 60.0 0.0122 0. 0.
1.0 1.2 60.0 69.0 0.0114 0. 0.
1.0 1.2 69.0 79.0 0.0106 0. 0.
1.0 1.2 79.0 90.5 0.0099 0. 0.
1.0 1.2 90.5 105.5 0.0092 0. 0.
1.0 1.2 105.5 123.5 0.0086 0. 0.
1.0 1.2 123.5 143.0 0.0080 0. 0.
1.0 1.2 143.0 163.5 0.0075 0. 0.
1.0 1.2 163.5 185.0 0.0071 0. 0.
1.0 1.2 185.0 208.0 0.0068 0. 0.
1.0 1.2 208.0 232.5 0.0066 0. 0.
1.0 1.2 232.5 258.5 0.0064 0. 0.
1.0 1.2 258.5 286.0 0.0063 0. 0.
1.0 1.2 286.0 331.0 0.0061 0. 0.
1.0 1.2 331.0 396.0 0.0060 0. 0.
1.0 1.2 396.0 468.5 0.0060 0. 0.
1.0 1.2 468.5 549.5 0.0060 0. 0.
1.0 1.2 549.5 639.0 0.0061 0. 0.
1.0 1.2 639.0 738.0 0.0062 0. 0.
1.0 1.2 738.0 847.5 0.0064 0. 0.
1.0 1.2 847.5 968.5 0.0066 0. 0.
1.0 1.2 968.5 1102.0 0.0067 0. 0.
1.0 1.2 1102.0 1249.5 0.0069 0. 0.
1.0 1.2 1249.5 1412.0 0.0071 0. 0.
1.0 1.2 1412.0 1590.5 0.0074 0. 0.
1.0 1.2 1590.5 1787.0 0.0076 0. 0.
1.0 1.2 1787.0 1945.0 0.0078 0. 0.
1.0 1.2 1945.0 2119.0 0.0079 0. 0.
1.0 1.2 2119.0 2369.0 0.0080 0. 0.
1.0 1.2 2369.0 2643.5 0.0082 0. 0.
1.0 1.2 2643.5 2945.0 0.0083 0. 0.
1.0 1.2 2945.0 3276.5 0.0084 0. 0.
1.2 1.4 9.0 11.0 0.0289 0. 0.
1.2 1.4 11.0 13.5 0.0251 0. 0.
1.2 1.4 13.5 16.5 0.0224 0. 0.
1.2 1.4 16.5 19.5 0.0206 0. 0.
1.2 1.4 19.5 22.5 0.0195 0. 0.
1.2 1.4 22.5 26.0 0.0188 0. 0.
1.2 1.4 26.0 30.0 0.0183 0. 0.
1.2 1.4 30.0 34.5 0.0179 0. 0.
1.2 1.4 34.5 40.0 0.0162 0. 0.
1.2 1.4 40.0 46.0 0.0146 0. 0.
1.2 1.4 46.0 52.5 0.0133 0. 0.
1.2 1.4 52.5 60.0 0.0123 0. 0.
1.2 1.4 60.0 69.0 0.0115 0. 0.
1.2 1.4 69.0 79.0 0.0107 0. 0.
1.2 1.4 79.0 90.5 0.0100 0. 0.
1.2 1.4 90.5 105.5 0.0094 0. 0.
1.2 1.4 105.5 123.5 0.0087 0. 0.
1.2 1.4 123.5 143.0 0.0081 0. 0.
1.2 1.4 143.0 163.5 0.0076 0. 0.
1.2 1.4 163.5 185.0 0.0072 0. 0.
1.2 1.4 185.0 208.0 0.0069 0. 0.
1.2 1.4 208.0 232.5 0.0066 0. 0.
1.2 1.4 232.5 258.5 0.0064 0. 0.
1.2 1.4 258.5 286.0 0.0063 0. 0.
1.2 1.4 286.0 331.0 0.0062 0. 0.
1.2 1.4 331.0 396.0 0.0061 0. 0.
1.2 1.4 396.0 468.5 0.0060 0. 0.
1.2 1.4 468.5 549.5 0.0061 0. 0.
1.2 1.4 549.5 639.0 0.0061 0. 0.
1.2 1.4 639.0 738.0 0.0063 0. 0.
1.2 1.4 738.0 847.5 0.0065 0. 0.
1.2 1.4 847.5 968.5 0.0066 0. 0.
1.2 1.4 968.5 1102.0 0.0069 0. 0.
1.2 1.4 1102.0 1249.5 0.0071 0. 0.
1.2 1.4 1249.5 1412.0 0.0073 0. 0.
1.2 1.4 1412.0 1590.5 0.0075 0. 0.
1.2 1.4 1590.5 1787.0 0.0077 0. 0.
1.2 1.4 1787.0 1945.0 0.0079 0. 0.
1.2 1.4 1945.0 2119.0 0.0081 0. 0.
1.2 1.4 2119.0 2369.0 0.0082 0. 0.
1.2 1.4 2369.0 2643.5 0.0083 0. 0.
1.2 1.4 2643.5 2945.0 0.0084 0. 0.
1.2 1.4 2945.0 3276.5 0.0086 0. 0.
1.4 1.6 9.0 11.0 0.0317 0. 0.
1.4 1.6 11.0 13.5 0.0281 0. 0.
1.4 1.6 13.5 16.5 0.0257 0. 0.
1.4 1.6 16.5 19.5 0.0241 0. 0.
1.4 1.6 19.5 22.5 0.0232 0. 0.
1.4 1.6 22.5 26.0 0.0226 0. 0.
1.4 1.6 26.0 30.0 0.0222 0. 0.
1.4 1.6 30.0 34.5 0.0219 0. 0.
1.4 1.6 34.5 40.0 0.0205 0. 0.
1.4 1.6 40.0 46.0 0.0193 0. 0.
1.4 1.6 46.0 52.5 0.0183 0. 0.
1.4 1.6 52.5 60.0 0.0177 0. 0.
1.4 1.6 60.0 69.0 0.0171 0. 0.
1.4 1.6 69.0 79.0 0.0161 0. 0.
1.4 1.6 79.0 90.5 0.0150 0. 0.
1.4 1.6 90.5 105.5 0.0139 0. 0.
1.4 1.6 105.5 123.5 0.0127 0. 0.
1.4 1.6 123.5 143.0 0.0116 0. 0.
1.4 1.6 143.0 163.5 0.0106 0. 0.
1.4 1.6 163.5 185.0 0.0098 0. 0.
1.4 1.6 185.0 208.0 0.0091 0. 0.
1.4 1.6 208.0 232.5 0.0085 0. 0.
1.4 1.6 232.5 258.5 0.0080 0. 0.
1.4 1.6 258.5 286.0 0.0076 0. 0.
1.4 1.6 286.0 331.0 0.0073 0. 0.
1.4 1.6 331.0 396.0 0.0071 0. 0.
1.4 1.6 396.0 468.5 0.0071 0. 0.
1.4 1.6 468.5 549.5 0.0073 0. 0.
1.4 1.6 549.5 639.0 0.0078 0. 0.
1.4 1.6 639.0 738.0 0.0084 0. 0.
1.4 1.6 738.0 847.5 0.0091 0. 0.
1.4 1.6 847.5 968.5 0.0099 0. 0.
1.4 1.6 968.5 1102.0 0.0107 0. 0.
1.4 1.6 1102.0 1249.5 0.0115 0. 0.
1.4 1.6 1249.5 1412.0 0.0118 0. 0.
1.4 1.6 1412.0 1590.5 0.0119 0. 0.
1.4 1.6 1590.5 1787.0 0.0121 0. 0.
1.4 1.6 1787.0 1945.0 0.0122 0. 0.
1.4 1.6 1945.0 2119.0 0.0123 0. 0.
1.4 1.6 2119.0 2369.0 0.0124 0. 0.
1.4 1.6 2369.0 2643.5 0.0125 0. 0.
1.4 1.6 2643.5 2945.0 0.0125 0. 0.
1.4 1.6 2945.0 3276.5 0.0126 0. 0.
1.6 1.8 9.0 11.0 0.0301 0. 0.
1.6 1.8 11.0 13.5 0.0265 0. 0.
1.6 1.8 13.5 16.5 0.0239 0. 0.
1.6 1.8 16.5 19.5 0.0223 0. 0.
1.6 1.8 19.5 22.5 0.0213 0. 0.
1.6 1.8 22.5 26.0 0.0207 0. 0.
1.6 1.8 26.0 30.0 0.0203 0. 0.
1.6 1.8 30.0 34.5 0.0200 0. 0.
1.6 1.8 34.5 40.0 0.0184 0. 0.
1.6 1.8 40.0 46.0 0.0171 0. 0.
1.6 1.8 46.0 52.5 0.0160 0. 0.
1.6 1.8 52.5 60.0 0.0152 0. 0.
1.6 1.8 60.0 69.0 0.0146 0. 0.
1.6 1.8 69.0 79.0 0.0137 0. 0.
1.6 1.8 79.0 90.5 0.0128 0. 0.
1.6 1.8 90.5 105.5 0.0120 0. 0.
1.6 1.8 105.5 123.5 0.0111 0. 0.
1.6 1.8 123.5 143.0 0.0102 0. 0.
1.6 1.8 143.0 163.5 0.0095 0. 0.
1.6 1.8 163.5 185.0 0.0089 0. 0.
1.6 1.8 185.0 208.0 0.0084 0. 0.
1.6 1.8 208.0 232.5 0.0080 0. 0.
1.6 1.8 232.5 258.5 0.0077 0. 0.
1.6 1.8 258.5 286.0 0.0075 0. 0.
1.6 1.8 286.0 331.0 0.0073 0. 0.
1.6 1.8 331.0 396.0 0.0071 0. 0.
1.6 1.8 396.0 468.5 0.0071 0. 0.
1.6 1.8 468.5 549.5 0.0072 0. 0.
1.6 1.8 549.5 639.0 0.0075 0. 0.
1.6 1.8 639.0 738.0 0.0078 0. 0.
1.6 1.8 738.0 847.5 0.0083 0. 0.
1.6 1.8 847.5 968.5 0.0087 0. 0.
1.6 1.8 968.5 1102.0 0.0089 0. 0.
1.6 1.8 1102.0 1249.5 0.0091 0. 0.
1.6 1.8 1249.5 1412.0 0.0093 0. 0.
1.6 1.8 1412.0 1590.5 0.0095 0. 0.
1.6 1.8 1590.5 1787.0 0.0097 0. 0.
1.6 1.8 1787.0 1945.0 0.0099 0. 0.
1.6 1.8 1945.0 2119.0 0.0100 0. 0.
1.6 1.8 2119.0 2369.0 0.0101 0. 0.
1.6 1.8 2369.0 2643.5 0.0103 0. 0.
1.6 1.8 2643.5 2945.0 0.0104 0. 0.
1.6 1.8 2945.0 3276.5 0.0106 0. 0.
1.8 2.0 9.0 11.0 0.0298 0. 0.
1.8 2.0 11.0 13.5 0.0263 0. 0.
1.8 2.0 13.5 16.5 0.0239 0. 0.
1.8 2.0 16.5 19.5 0.0221 0. 0.
1.8 2.0 19.5 22.5 0.0211 0. 0.
1.8 2.0 22.5 26.0 0.0205 0. 0.
1.8 2.0 26.0 30.0 0.0200 0. 0.
1.8 2.0 30.0 34.5 0.0196 0. 0.
1.8 2.0 34.5 40.0 0.0180 0. 0.
1.8 2.0 40.0 46.0 0.0166 0. 0.
1.8 2.0 46.0 52.5 0.0155 0. 0.
1.8 2.0 52.5 60.0 0.0147 0. 0.
1.8 2.0 60.0 69.0 0.0141 0. 0.
1.8 2.0 69.0 79.0 0.0133 0. 0.
1.8 2.0 79.0 90.5 0.0124 0. 0.
1.8 2.0 90.5 105.5 0.0115 0. 0.
1.8 2.0 105.5 123.5 0.0107 0. 0.
1.8 2.0 123.5 143.0 0.0098 0. 0.
1.8 2.0 143.0 163.5 0.0092 0. 0.
1.8 2.0 163.5 185.0 0.0086 0. 0.
1.8 2.0 185.0 208.0 0.0081 0. 0.
1.8 2.0 208.0 232.5 0.0078 0. 0.
1.8 2.0 232.5 258.5 0.0075 0. 0.
1.8 2.0 258.5 286.0 0.0073 0. 0.
1.8 2.0 286.0 331.0 0.0072 0. 0.
1.8 2.0 331.0 396.0 0.0071 0. 0.
1.8 2.0 396.0 468.5 0.0072 0. 0.
1.8 2.0 468.5 549.5 0.0075 0. 0.
1.8 2.0 549.5 639.0 0.0079 0. 0.
1.8 2.0 639.0 738.0 0.0083 0. 0.
1.8 2.0 738.0 847.5 0.0089 0. 0.
1.8 2.0 847.5 968.5 0.0094 0. 0.
1.8 2.0 968.5 1102.0 0.0097 0. 0.
1.8 2.0 1102.0 1249.5 0.0099 0. 0.
1.8 2.0 1249.5 1412.0 0.0102 0. 0.
1.8 2.0 1412.0 1590.5 0.0104 0. 0.
1.8 2.0 1590.5 1787.0 0.0107 0. 0.
1.8 2.0 1787.0 1945.0 0.0109 0. 0.
1.8 2.0 1945.0 2119.0 0.0111 0. 0.
1.8 2.0 2119.0 2369.0 0.0113 0. 0.
1.8 2.0 2369.0 2643.5 0.0115 0. 0.
1.8 2.0 2643.5 2945.0 0.0118 0. 0.
1.8 2.0 2945.0 3276.5 0.0120 0. 0.
2.0 2.2 9.0 11.0 0.0334 0. 0.
2.0 2.2 11.0 13.5 0.0290 0. 0.
2.0 2.2 13.5 16.5 0.0257 0. 0.
2.0 2.2 16.5 19.5 0.0233 0. 0.
2.0 2.2 19.5 22.5 0.0219 0. 0.
2.0 2.2 22.5 26.0 0.0210 0. 0.
2.0 2.2 26.0 30.0 0.0203 0. 0.
2.0 2.2 30.0 34.5 0.0199 0. 0.
2.0 2.2 34.5 40.0 0.0183 0. 0.
2.0 2.2 40.0 46.0 0.0169 0. 0.
2.0 2.2 46.0 52.5 0.0158 0. 0.
2.0 2.2 52.5 60.0 0.0150 0. 0.
2.0 2.2 60.0 69.0 0.0144 0. 0.
2.0 2.2 69.0 79.0 0.0136 0. 0.
2.0 2.2 79.0 90.5 0.0128 0. 0.
2.0 2.2 90.5 105.5 0.0120 0. 0.
2.0 2.2 105.5 123.5 0.0112 0. 0.
2.0 2.2 123.5 143.0 0.0104 0. 0.
2.0 2.2 143.0 163.5 0.0098 0. 0.
2.0 2.2 163.5 185.0 0.0093 0. 0.
2.0 2.2 185.0 208.0 0.0089 0. 0.
2.0 2.2 208.0 232.5 0.0086 0. 0.
2.0 2.2 232.5 258.5 0.0083 0. 0.
2.0 2.2 258.5 286.0 0.0082 0. 0.
2.0 2.2 286.0 331.0 0.0081 0. 0.
2.0 2.2 331.0 396.0 0.0081 0. 0.
2.0 2.2 396.0 468.5 0.0082 0. 0.
2.0 2.2 468.5 549.5 0.0085 0. 0.
2.0 2.2 549.5 639.0 0.0089 0. 0.
2.0 2.2 639.0 738.0 0.0094 0. 0.
2.0 2.2 738.0 847.5 0.0098 0. 0.
2.0 2.2 847.5 968.5 0.0102 0. 0.
2.0 2.2 968.5 1102.0 0.0105 0. 0.
2.0 2.2 1102.0 1249.5 0.0108 0. 0.
2.0 2.2 1249.5 1412.0 0.0112 0. 0.
2.0 2.2 1412.0 1590.5 0.0115 0. 0.
2.0 2.2 1590.5 1787.0 0.0119 0. 0.
2.0 2.2 1787.0 1945.0 0.0123 0. 0.
2.0 2.2 1945.0 2119.0 0.0125 0. 0.
2.0 2.2 2119.0 2369.0 0.0128 0. 0.
2.0 2.2 2369.0 2643.5 0.0131 0. 0.
2.0 2.2 2643.5 2945.0 0.0134 0. 0.
2.0 2.2 2945.0 3276.5 0.0138 0. 0.
2.2 2.4 9.0 11.0 0.0375 0. 0.
2.2 2.4 11.0 13.5 0.0320 0. 0.
2.2 2.4 13.5 16.5 0.0277 0. 0.
2.2 2.4 16.5 19.5 0.0247 0. 0.
2.2 2.4 19.5 22.5 0.0229 0. 0.
2.2 2.4 22.5 26.0 0.0218 0. 0.
2.2 2.4 26.0 30.0 0.0210 0. 0.
2.2 2.4 30.0 34.5 0.0205 0. 0.
2.2 2.4 34.5 40.0 0.0189 0. 0.
2.2 2.4 40.0 46.0 0.0176 0. 0.
2.2 2.4 46.0 52.5 0.0166 0. 0.
2.2 2.4 52.5 60.0 0.0158 0. 0.
2.2 2.4 60.0 69.0 0.0152 0. 0.
2.2 2.4 69.0 79.0 0.0145 0. 0.
2.2 2.4 79.0 90.5 0.0135 0. 0.
2.2 2.4 90.5 105.5 0.0126 0. 0.
2.2 2.4 105.5 123.5 0.0117 0. 0.
2.2 2.4 123.5 143.0 0.0108 0. 0.
2.2 2.4 143.0 163.5 0.0100 0. 0.
2.2 2.4 163.5 185.0 0.0094 0. 0.
2.2 2.4 185.0 208.0 0.0090 0. 0.
2.2 2.4 208.0 232.5 0.0086 0. 0.
2.2 2.4 232.5 258.5 0.0084 0. 0.
2.2 2.4 258.5 286.0 0.0082 0. 0.
2.2 2.4 286.0 331.0 0.0082 0. 0.
2.2 2.4 331.0 396.0 0.0083 0. 0.
2.2 2.4 396.0 468.5 0.0087 0. 0.
2.2 2.4 468.5 549.5 0.0092 0. 0.
2.2 2.4 549.5 639.0 0.0099 0. 0.
2.2 2.4 639.0 738.0 0.0107 0. 0.
2.2 2.4 738.0 847.5 0.0112 0. 0.
2.2 2.4 847.5 968.5 0.0116 0. 0.
2.2 2.4 968.5 1102.0 0.0121 0. 0.
2.2 2.4 1102.0 1249.5 0.0126 0. 0.
2.2 2.4 1249.5 1412.0 0.0131 0. 0.
2.2 2.4 1412.0 1590.5 0.0136 0. 0.
2.2 2.4 1590.5 1787.0 0.0141 0. 0.
2.2 2.4 1787.0 1945.0 0.0146 0. 0.
2.2 2.4 1945.0 2119.0 0.0150 0. 0.
2.2 2.4 2119.0 2369.0 0.0153 0. 0.
2.2 2.4 2369.0 2643.5 0.0158 0. 0.
2.2 2.4 2643.5 2945.0 0.0163 0. 0.
2.2 2.4 2945.0 3276.5 0.0168 0. 0.
2.4 2.6 9.0 11.0 0.0333 0. 0.
2.4 2.6 11.0 13.5 0.0297 0. 0.
2.4 2.6 13.5 16.5 0.0273 0. 0.
2.4 2.6 16.5 19.5 0.0258 0. 0.
2.4 2.6 19.5 22.5 0.0249 0. 0.
2.4 2.6 22.5 26.0 0.0244 0. 0.
2.4 2.6 26.0 30.0 0.0240 0. 0.
2.4 2.6 30.0 34.5 0.0237 0. 0.
2.4 2.6 34.5 40.0 0.0224 0. 0.
2.4 2.6 40.0 46.0 0.0213 0. 0.
2.4 2.6 46.0 52.5 0.0204 0. 0.
2.4 2.6 52.5 60.0 0.0198 0. 0.
2.4 2.6 60.0 69.0 0.0193 0. 0.
2.4 2.6 69.0 79.0 0.0184 0. 0.
2.4 2.6 79.0 90.5 0.0170 0. 0.
2.4 2.6 90.5 105.5 0.0156 0. 0.
2.4 2.6 105.5 123.5 0.0142 0. 0.
2.4 2.6 123.5 143.0 0.0129 0. 0.
2.4 2.6 143.0 163.5 0.0118 0. 0.
2.4 2.6 163.5 185.0 0.0110 0. 0.
2.4 2.6 185.0 208.0 0.0105 0. 0.
2.4 2.6 208.0 232.5 0.0103 0. 0.
2.4 2.6 232.5 258.5 0.0102 0. 0.
2.4 2.6 258.5 286.0 0.0103 0. 0.
2.4 2.6 286.0 331.0 0.0106 0. 0.
2.4 2.6 331.0 396.0 0.0113 0. 0.
2.4 2.6 396.0 468.5 0.0125 0. 0.
2.4 2.6 468.5 549.5 0.0138 0. 0.
2.4 2.6 549.5 639.0 0.0144 0. 0.
2.4 2.6 639.0 738.0 0.0145 0. 0.
2.4 2.6 738.0 847.5 0.0146 0. 0.
2.4 2.6 847.5 968.5 0.0147 0. 0.
2.4 2.6 968.5 1102.0 0.0148 0. 0.
2.4 2.6 1102.0 1249.5 0.0149 0. 0.
2.4 2.6 1249.5 1412.0 0.0151 0. 0.
2.4 2.6 1412.0 1590.5 0.0152 0. 0.
2.4 2.6 1590.5 1787.0 0.0154 0. 0.
2.4 2.6 1787.0 1945.0 0.0155 0. 0.
2.4 2.6 1945.0 2119.0 0.0156 0. 0.
2.4 2.6 2119.0 2369.0 0.0157 0. 0.
2.4 2.6 2369.0 2643.5 0.0159 0. 0.
2.4 2.6 2643.5 2945.0 0.0160 0. 0.
2.4 2.6 2945.0 3276.5 0.0161 0. 0.
2.6 2.8 9.0 11.0 0.0381 0. 0.
2.6 2.8 11.0 13.5 0.0325 0. 0.
2.6 2.8 13.5 16.5 0.0288 0. 0.
2.6 2.8 16.5 19.5 0.0265 0. 0.
2.6 2.8 19.5 22.5 0.0253 0. 0.
2.6 2.8 22.5 26.0 0.0245 0. 0.
2.6 2.8 26.0 30.0 0.0240 0. 0.
2.6 2.8 30.0 34.5 0.0237 0. 0.
2.6 2.8 34.5 40.0 0.0224 0. 0.
2.6 2.8 40.0 46.0 0.0212 0. 0.
2.6 2.8 46.0 52.5 0.0204 0. 0.
2.6 2.8 52.5 60.0 0.0198 0. 0.
2.6 2.8 60.0 69.0 0.0193 0. 0.
2.6 2.8 69.0 79.0 0.0184 0. 0.
2.6 2.8 79.0 90.5 0.0170 0. 0.
2.6 2.8 90.5 105.5 0.0156 0. 0.
2.6 2.8 105.5 123.5 0.0142 0. 0.
2.6 2.8 123.5 143.0 0.0129 0. 0.
2.6 2.8 143.0 163.5 0.0118 0. 0.
2.6 2.8 163.5 185.0 0.0111 0. 0.
2.6 2.8 185.0 208.0 0.0106 0. 0.
2.6 2.8 208.0 232.5 0.0103 0. 0.
2.6 2.8 232.5 258.5 0.0102 0. 0.
2.6 2.8 258.5 286.0 0.0104 0. 0.
2.6 2.8 286.0 331.0 0.0106 0. 0.
2.6 2.8 331.0 396.0 0.0113 0. 0.
2.6 2.8 396.0 468.5 0.0125 0. 0.
2.6 2.8 468.5 549.5 0.0138 0. 0.
2.6 2.8 549.5 639.0 0.0143 0. 0.
2.6 2.8 639.0 738.0 0.0144 0. 0.
2.6 2.8 738.0 847.5 0.0145 0. 0.
2.6 2.8 847.5 968.5 0.0147 0. 0.
2.6 2.8 968.5 1102.0 0.0148 0. 0.
2.6 2.8 1102.0 1249.5 0.0149 0. 0.
2.6 2.8 1249.5 1412.0 0.0151 0. 0.
2.6 2.8 1412.0 1590.5 0.0153 0. 0.
2.6 2.8 1590.5 1787.0 0.0154 0. 0.
2.6 2.8 1787.0 1945.0 0.0156 0. 0.
2.6 2.8 1945.0 2119.0 0.0158 0. 0.
2.6 2.8 2119.0 2369.0 0.0159 0. 0.
2.6 2.8 2369.0 2643.5 0.0160 0. 0.
2.6 2.8 2643.5 2945.0 0.0162 0. 0.
2.6 2.8 2945.0 3276.5 0.0163 0. 0.
2.8 3.0 9.0 11.0 0.0362 0. 0.
2.8 3.0 11.0 13.5 0.0309 0. 0.
2.8 3.0 13.5 16.5 0.0273 0. 0.
2.8 3.0 16.5 19.5 0.0251 0. 0.
2.8 3.0 19.5 22.5 0.0239 0. 0.
2.8 3.0 22.5 26.0 0.0231 0. 0.
2.8 3.0 26.0 30.0 0.0226 0. 0.
2.8 3.0 30.0 34.5 0.0223 0. 0.
2.8 3.0 34.5 40.0 0.0209 0. 0.
2.8 3.0 40.0 46.0 0.0197 0. 0.
2.8 3.0 46.0 52.5 0.0188 0. 0.
2.8 3.0 52.5 60.0 0.0181 0. 0.
2.8 3.0 60.0 69.0 0.0176 0. 0.
2.8 3.0 69.0 79.0 0.0171 0. 0.
2.8 3.0 79.0 90.5 0.0168 0. 0.
2.8 3.0 90.5 105.5 0.0166 0. 0.
2.8 3.0 105.5 123.5 0.0164 0. 0.
2.8 3.0 123.5 143.0 0.0163 0. 0.
2.8 3.0 143.0 163.5 0.0163 0. 0.
2.8 3.0 163.5 185.0 0.0164 0. 0.
2.8 3.0 185.0 208.0 0.0165 0. 0.
2.8 3.0 208.0 232.5 0.0167 0. 0.
2.8 3.0 232.5 258.5 0.0169 0. 0.
2.8 3.0 258.5 286.0 0.0171 0. 0.
2.8 3.0 286.0 331.0 0.0173 0. 0.
2.8 3.0 331.0 396.0 0.0175 0. 0.
2.8 3.0 396.0 468.5 0.0176 0. 0.
2.8 3.0 468.5 549.5 0.0177 0. 0.
2.8 3.0 549.5 639.0 0.0178 0. 0.
2.8 3.0 639.0 738.0 0.0179 0. 0.
2.8 3.0 738.0 847.5 0.0181 0. 0.
2.8 3.0 847.5 968.5 0.0182 0. 0.
2.8 3.0 968.5 1102.0 0.0184 0. 0.
2.8 3.0 1102.0 1249.5 0.0186 0. 0.
2.8 3.0 1249.5 1412.0 0.0188 0. 0.
2.8 3.0 1412.0 1590.5 0.0190 0. 0.
2.8 3.0 1590.5 1787.0 0.0192 0. 0.
2.8 3.0 1787.0 1945.0 0.0194 0. 0.
2.8 3.0 1945.0 2119.0 0.0196 0. 0.
2.8 3.0 2119.0 2369.0 0.0198 0. 0.
2.8 3.0 2369.0 2643.5 0.0200 0. 0.
2.8 3.0 2643.5 2945.0 0.0202 0. 0.
2.8 3.0 2945.0 3276.5 0.0204 0. 0.
3.0 3.5 9.0 11.0 0.0382 0. 0.
3.0 3.5 11.0 13.5 0.0348 0. 0.
3.0 3.5 13.5 16.5 0.0323 0. 0.
3.0 3.5 16.5 19.5 0.0308 0. 0.
3.0 3.5 19.5 22.5 0.0300 0. 0.
3.0 3.5 22.5 26.0 0.0295 0. 0.
3.0 3.5 26.0 30.0 0.0292 0. 0.
3.0 3.5 30.0 34.5 0.0289 0. 0.
3.0 3.5 34.5 40.0 0.0279 0. 0.
3.0 3.5 40.0 46.0 0.0270 0. 0.
3.0 3.5 46.0 52.5 0.0263 0. 0.
3.0 3.5 52.5 60.0 0.0258 0. 0.
3.0 3.5 60.0 69.0 0.0254 0. 0.
3.0 3.5 69.0 79.0 0.0250 0. 0.
3.0 3.5 79.0 90.5 0.0240 0. 0.
3.0 3.5 90.5 105.5 0.0230 0. 0.
3.0 3.5 105.5 123.5 0.0220 0. 0.
3.0 3.5 123.5 143.0 0.0212 0. 0.
3.0 3.5 143.0 163.5 0.0205 0. 0.
3.0 3.5 163.5 185.0 0.0201 0. 0.
3.0 3.5 185.0 208.0 0.0198 0. 0.
3.0 3.5 208.0 232.5 0.0195 0. 0.
3.0 3.5 232.5 258.5 0.0194 0. 0.
3.0 3.5 258.5 286.0 0.0194 0. 0.
3.0 3.5 286.0 331.0 0.0194 0. 0.
3.0 3.5 331.0 396.0 0.0194 0. 0.
3.0 3.5 396.0 468.5 0.0194 0. 0.
3.0 3.5 468.5 549.5 0.0194 0. 0.
3.0 3.5 549.5 639.0 0.0194 0. 0.
3.0 3.5 639.0 738.0 0.0194 0. 0.
3.0 3.5 738.0 847.5 0.0195 0. 0.
3.0 3.5 847.5 968.5 0.0195 0. 0.
3.0 3.5 968.5 1102.0 0.0196 0. 0.
3.0 3.5 1102.0 1249.5 0.0197 0. 0.
3.0 3.5 1249.5 1412.0 0.0198 0. 0.
3.0 3.5 1412.0 1590.5 0.0198 0. 0.
3.0 3.5 1590.5 1787.0 0.0199 0. 0.
3.0 3.5 1787.0 1945.0 0.0200 0. 0.
3.0 3.5 1945.0 2119.0 0.0201 0. 0.
3.0 3.5 2119.0 2369.0 0.0201 0. 0.
3.0 3.5 2369.0 2643.5 0.0202 0. 0.
3.0 3.5 2643.5 2945.0 0.0202 0. 0.
3.0 3.5 2945.0 3276.5 0.0203 0. 0.
3.5 4.0 9.0 11.0 0.0387 0. 0.
3.5 4.0 11.0 13.5 0.0353 0. 0.
3.5 4.0 13.5 16.5 0.0327 0. 0.
3.5 4.0 16.5 19.5 0.0312 0. 0.
3.5 4.0 19.5 22.5 0.0303 0. 0.
3.5 4.0 22.5 26.0 0.0298 0. 0.
3.5 4.0 26.0 30.0 0.0294 0. 0.
3.5 4.0 30.0 34.5 0.0291 0. 0.
3.5 4.0 34.5 40.0 0.0280 0. 0.
3.5 4.0 40.0 46.0 0.0271 0. 0.
3.5 4.0 46.0 52.5 0.0264 0. 0.
3.5 4.0 52.5 60.0 0.0259 0. 0.
3.5 4.0 60.0 69.0 0.0255 0. 0.
3.5 4.0 69.0 79.0 0.0251 0. 0.
3.5 4.0 79.0 90.5 0.0240 0. 0.
3.5 4.0 90.5 105.5 0.0231 0. 0.
3.5 4.0 105.5 123.5 0.0221 0. 0.
3.5 4.0 123.5 143.0 0.0212 0. 0.
3.5 4.0 143.0 163.5 0.0206 0. 0.
3.5 4.0 163.5 185.0 0.0201 0. 0.
3.5 4.0 185.0 208.0 0.0198 0. 0.
3.5 4.0 208.0 232.5 0.0197 0. 0.
3.5 4.0 232.5 258.5 0.0196 0. 0.
3.5 4.0 258.5 286.0 0.0196 0. 0.
3.5 4.0 286.0 331.0 0.0196 0. 0.
3.5 4.0 331.0 396.0 0.0195 0. 0.
3.5 4.0 396.0 468.5 0.0195 0. 0.
3.5 4.0 468.5 549.5 0.0195 0. 0.
3.5 4.0 549.5 639.0 0.0196 0. 0.
3.5 4.0 639.0 738.0 0.0196 0. 0.
3.5 4.0 738.0 847.5 0.0197 0. 0.
3.5 4.0 847.5 968.5 0.0197 0. 0.
3.5 4.0 968.5 1102.0 0.0198 0. 0.
3.5 4.0 1102.0 1249.5 0.0199 0. 0.
3.5 4.0 1249.5 1412.0 0.0200 0. 0.
3.5 4.0 1412.0 1590.5 0.0200 0. 0.
3.5 4.0 1590.5 1787.0 0.0201 0. 0.
3.5 4.0 1787.0 1945.0 0.0202 0. 0.
3.5 4.0 1945.0 2119.0 0.0203 0. 0.
3.5 4.0 2119.0 2369.0 0.0203 0. 0.
3.5 4.0 2369.0 2643.5 0.0204 0. 0.
3.5 4.0 2643.5 2945.0 0.0205 0. 0.
3.5 4.0 2945.0 3276.5 0.0205 0. 0.
4.0 4.4 9.0 11.0 0.0391 0. 0.
4.0 4.4 11.0 13.5 0.0356 0. 0.
4.0 4.4 13.5 16.5 0.0330 0. 0.
4.0 4.4 16.5 19.5 0.0314 0. 0.
4.0 4.4 19.5 22.5 0.0305 0. 0.
4.0 4.4 22.5 26.0 0.0299 0. 0.
4.0 4.4 26.0 30.0 0.0295 0. 0.
4.0 4.4 30.0 34.5 0.0292 0. 0.
4.0 4.4 34.5 40.0 0.0281 0. 0.
4.0 4.4 40.0 46.0 0.0272 0. 0.
4.0 4.4 46.0 52.5 0.0265 0. 0.
4.0 4.4 52.5 60.0 0.0260 0. 0.
4.0 4.4 60.0 69.0 0.0256 0. 0.
4.0 4.4 69.0 79.0 0.0252 0. 0.
4.0 4.4 79.0 90.5 0.0241 0. 0.
4.0 4.4 90.5 105.5 0.0231 0. 0.
4.0 4.4 105.5 123.5 0.0221 0. 0.
4.0 4.4 123.5 143.0 0.0214 0. 0.
4.0 4.4 143.0 163.5 0.0212 0. 0.
4.0 4.4 163.5 185.0 0.0211 0. 0.
4.0 4.4 185.0 208.0 0.0210 0. 0.
4.0 4.4 208.0 232.5 0.0209 0. 0.
4.0 4.4 232.5 258.5 0.0209 0. 0.
4.0 4.4 258.5 286.0 0.0208 0. 0.
4.0 4.4 286.0 331.0 0.0208 0. 0.
4.0 4.4 331.0 396.0 0.0208 0. 0.
4.0 4.4 396.0 468.5 0.0208 0. 0.
4.0 4.4 468.5 549.5 0.0208 0. 0.
4.0 4.4 549.5 639.0 0.0208 0. 0.
4.0 4.4 639.0 738.0 0.0209 0. 0.
4.0 4.4 738.0 847.5 0.0209 0. 0.
4.0 4.4 847.5 968.5 0.0210 0. 0.
4.0 4.4 968.5 1102.0 0.0211 0. 0.
4.0 4.4 1102.0 1249.5 0.0212 0. 0.
4.0 4.4 1249.5 1412.0 0.0212 0. 0.
4.0 4.4 1412.0 1590.5 0.0213 0. 0.
4.0 4.4 1590.5 1787.0 0.0214 0. 0.
4.0 4.4 1787.0 1945.0 0.0215 0. 0.
4.0 4.4 1945.0 2119.0 0.0216 0. 0.
4.0 4.4 2119.0 2369.0 0.0216 0. 0.
4.0 4.4 2369.0 2643.5 0.0217 0. 0.
4.0 4.4 2643.5 2945.0 0.0218 0. 0.
4.0 4.4 2945.0 3276.5 0.0218 0. 0.
4.4 5.0 9.0 11.0 0.0473 0. 0.
4.4 5.0 11.0 13.5 0.0418 0. 0.
4.4 5.0 13.5 16.5 0.0375 0. 0.
4.4 5.0 16.5 19.5 0.0345 0. 0.
4.4 5.0 19.5 22.5 0.0327 0. 0.
4.4 5.0 22.5 26.0 0.0316 0. 0.
4.4 5.0 26.0 30.0 0.0307 0. 0.
4.4 5.0 30.0 34.5 0.0301 0. 0.
4.4 5.0 34.5 40.0 0.0288 0. 0.
4.4 5.0 40.0 46.0 0.0277 0. 0.
4.4 5.0 46.0 52.5 0.0269 0. 0.
4.4 5.0 52.5 60.0 0.0264 0. 0.
4.4 5.0 60.0 69.0 0.0260 0. 0.
4.4 5.0 69.0 79.0 0.0256 0. 0.
4.4 5.0 79.0 90.5 0.0250 0. 0.
4.4 5.0 90.5 105.5 0.0248 0. 0.
4.4 5.0 105.5 123.5 0.0246 0. 0.
4.4 5.0 123.5 143.0 0.0244 0. 0.
4.4 5.0 143.0 163.5 0.0243 0. 0.
4.4 5.0 163.5 185.0 0.0242 0. 0.
4.4 5.0 185.0 208.0 0.0242 0. 0.
4.4 5.0 208.0 232.5 0.0241 0. 0.
4.4 5.0 232.5 258.5 0.0241 0. 0.
4.4 5.0 258.5 286.0 0.0241 0. 0.
4.4 5.0 286.0 331.0 0.0240 0. 0.
4.4 5.0 331.0 396.0 0.0240 0. 0.
4.4 5.0 396.0 468.5 0.0240 0. 0.
4.4 5.0 468.5 549.5 0.0240 0. 0.
4.4 5.0 549.5 639.0 0.0240 0. 0.
4.4 5.0 639.0 738.0 0.0241 0. 0.
4.4 5.0 738.0 847.5 0.0241 0. 0.
4.4 5.0 847.5 968.5 0.0241 0. 0.
4.4 5.0 968.5 1102.0 0.0241 0. 0.
4.4 5.0 1102.0 1249.5 0.0242 0. 0.
4.4 5.0 1249.5 1412.0 0.0242 0. 0.
4.4 5.0 1412.0 1590.5 0.0243 0. 0.
4.4 5.0 1590.5 1787.0 0.0243 0. 0.
4.4 5.0 1787.0 1945.0 0.0244 0. 0.
4.4 5.0 1945.0 2119.0 0.0244 0. 0.
4.4 5.0 2119.0 2369.0 0.0244 0. 0.
4.4 5.0 2369.0 2643.5 0.0244 0. 0.
4.4 5.0 2643.5 2945.0 0.0245 0. 0.
4.4 5.0 2945.0 3276.5 0.0245 0. 0.
5.0 5.4 9.0 11.0 0.0440 0. 0.
5.0 5.4 11.0 13.5 0.0388 0. 0.
5.0 5.4 13.5 16.5 0.0349 0. 0.
5.0 5.4 16.5 19.5 0.0324 0. 0.
5.0 5.4 19.5 22.5 0.0310 0. 0.
5.0 5.4 22.5 26.0 0.0301 0. 0.
5.0 5.4 26.0 30.0 0.0295 0. 0.
5.0 5.4 30.0 34.5 0.0291 0. 0.
5.0 5.4 34.5 40.0 0.0280 0. 0.
5.0 5.4 40.0 46.0 0.0271 0. 0.
5.0 5.4 46.0 52.5 0.0264 0. 0.
5.0 5.4 52.5 60.0 0.0260 0. 0.
5.0 5.4 60.0 69.0 0.0257 0. 0.
5.0 5.4 69.0 79.0 0.0254 0. 0.
5.0 5.4 79.0 90.5 0.0252 0. 0.
5.0 5.4 90.5 105.5 0.0251 0. 0.
5.0 5.4 105.5 123.5 0.0249 0. 0.
5.0 5.4 123.5 143.0 0.0248 0. 0.
5.0 5.4 143.0 163.5 0.0247 0. 0.
5.0 5.4 163.5 185.0 0.0246 0. 0.
5.0 5.4 185.0 208.0 0.0246 0. 0.
5.0 5.4 208.0 232.5 0.0245 0. 0.
5.0 5.4 232.5 258.5 0.0245 0. 0.
5.0 5.4 258.5 286.0 0.0245 0. 0.
5.0 5.4 286.0 331.0 0.0245 0. 0.
5.0 5.4 331.0 396.0 0.0245 0. 0.
5.0 5.4 396.0 468.5 0.0245 0. 0.
5.0 5.4 468.5 549.5 0.0245 0. 0.
5.0 5.4 549.5 639.0 0.0245 0. 0.
5.0 5.4 639.0 738.0 0.0245 0. 0.
5.0 5.4 738.0 847.5 0.0245 0. 0.
5.0 5.4 847.5 968.5 0.0246 0. 0.
5.0 5.4 968.5 1102.0 0.0246 0. 0.
5.0 5.4 1102.0 1249.5 0.0246 0. 0.
5.0 5.4 1249.5 1412.0 0.0247 0. 0.
5.0 5.4 1412.0 1590.5 0.0247 0. 0.
5.0 5.4 1590.5 1787.0 0.0248 0. 0.
5.0 5.4 1787.0 1945.0 0.0248 0. 0.
5.0 5.4 1945.0 2119.0 0.0248 0. 0.
5.0 5.4 2119.0 2369.0 0.0249 0. 0.
5.0 5.4 2369.0 2643.5 0.0249 0. 0.
5.0 5.4 2643.5 2945.0 0.0249 0. 0.
5.0 5.4 2945.0 3276.5 0.0249 0. 0.