0.   0.9  25   30   1.0017  0.0031  0.0031
0.   0.9  30   40   1.0007  0.0011  0.0011  
0.   0.9  40   50   1.0010  0.0018  0.0018
0.   0.9  50   60   0.9983  0.0010  0.0010
0.   0.9  60   120   1.0013  0.0012  0.0012
0.9  1.2  25   30   0.9989  0.0054  0.0054 
0.9  1.2  30   40   0.9997  0.0020  0.0020
0.9  1.2  40   50   1.0024  0.0010  0.0010
0.9  1.2  50   60   1.0015  0.0019  0.0019
0.9  1.2  60   120   1.0053  0.0020  0.0020
1.2  2.1  25   30   1.0012  0.0028  0.0028
1.2  2.1  30   40   1.0009  0.0011  0.0011
1.2  2.1  40   50   1.0005  0.0006  0.0006
1.2  2.1  50   60   0.9970  0.0010  0.0010 
1.2  2.1  60   120   1.0010  0.0013  0.0013
2.1  2.4  25   30   0.9922  0.0057  0.0057 
2.1  2.4  30   40   1.0003  0.0025  0.0025
2.1  2.4  40   50   1.0036  0.0009  0.0009
2.1  2.4  50   60   1.0025  0.0021  0.0021
2.1  2.4  60   120   1.0014  0.0026  0.0026

  
 
