0	0.9	20	25	0.982323	0.00298554	0.00298554
0	0.9	25	30	0.988605	0.00166344	0.00166344
0	0.9	30	40	0.992043	0.000580556	0.000580556
0	0.9	40	50	0.994218	0.000327784	0.000327784
0	0.9	50	60	0.996457	0.000556209	0.000556209
0	0.9	60	100	0.999023	0.000703851	0.000703851
0	0.9	100	200	1.00007		0.00222242	0.00222242
0.9	1.2	20	25	0.986009	0.00456872	0.00456872
0.9	1.2	25	30	0.994709	0.00289202	0.00289202
0.9	1.2	30	40	0.99809		0.00106105	0.00106105
0.9	1.2	40	50	0.997873	0.000448171	0.000448171
0.9	1.2	50	60	0.999352	0.000926904	0.000926904
0.9	1.2	60	100	0.999509	0.00110414	0.00110414
0.9	1.2	100	200	0.995709	0.00424566	0.00424566
1.2	2.1	20	25	0.986859	0.00220422	0.00220422
1.2	2.1	25	30	0.993867	0.00140074	0.00140074
1.2	2.1	30	40	0.997524	0.000582381	0.000582381
1.2	2.1	40	50	0.99795		0.000246853	0.000246853
1.2	2.1	50	60	0.999048	0.000520563	0.000520563
1.2	2.1	60	100	0.998433	0.000669639	0.000669639
1.2	2.1	100	200	1.00571		0.00281406	0.00281406
2.1	2.4	20	25	0.983397	0.00381719	0.00381719
2.1	2.4	25	30	0.987529	0.00237643	0.00237643
2.1	2.4	30	40	0.993539	0.00101822	0.00101822
2.1	2.4	40	50	0.996392	0.000394046	0.000394046
2.1	2.4	50	60	0.997946	0.00108252	0.00108252
2.1	2.4	60	100	1.00073		0.00153644	0.00153644
2.1	2.4	100	200	0.99858		0.00587265	0.00587265
