0	0.9	24	30	0.904592	0.0019542	0.0019542
0	0.9	30	40	0.921775	0.000909285	0.000909285
0	0.9	40	50	0.929662	0.000753167	0.000753167
0	0.9	50	60	0.932148	0.00158223	0.00158223
0	0.9	60	120	0.928947	0.00222448	0.00222448
0	0.9	120	200	0.924652	0.0179516	0.0179516
0	0.9	200	500	0.905693	0.0260856	0.0260856
0.9	1.2	24	30	0.862497	0.00462277	0.00462277
0.9	1.2	30	40	0.88275		0.00205366	0.00205366
0.9	1.2	40	50	0.885751	0.00167578	0.00167578
0.9	1.2	50	60	0.885563	0.00363686	0.00363686
0.9	1.2	60	120	0.881788	0.00512715	0.00512715
0.9	1.2	120	200	0.825914	0.0255049	0.0255049
0.9	1.2	200	500	0.847767	0.0650934	0.0650934
1.2	2.1	24	30	0.851109	0.00267975	0.00267975
1.2	2.1	30	40	0.876925	0.00136672	0.00136672
1.2	2.1	40	50	0.890766	0.00105782	0.00105782
1.2	2.1	50	60	0.894337	0.00211342	0.00211342
1.2	2.1	60	120	0.89126		0.00323663	0.00323663
1.2	2.1	120	200	0.81732		0.0169801	0.0169801
1.2	2.1	200	500	0.705241	0.0553235	0.0553235
2.1	2.4	24	30	0.766655	0.00590211	0.00590211
2.1	2.4	30	40	0.811365	0.00320666	0.00320666
2.1	2.4	40	50	0.828657	0.00284046	0.00284046
2.1	2.4	50	60	0.835113	0.00616567	0.00616567
2.1	2.4	60	120	0.840325	0.00939631	0.00939631
2.1	2.4	120	200	0.711581	0.0653754	0.0653754
2.1	2.4	200	500	0.742513	0.48512		0.48512
