0      0.9    20      25    0.975357711315155    0.0030932724371562207   0.0030932724371562207
0      0.9    25      30    0.9828099608421326   0.0015938535076412948   0.0015938535076412948
0      0.9    30      40    0.986640214920044    0.0006243722116637838   0.0006243722116637838
0      0.9    40      50    0.9873026013374329   0.0005041880236552759   0.0005041880236552759
0      0.9    50      60    0.9822775721549988   0.001207823166829823    0.001207823166829823
0      0.9    60      120   0.9856625199317932   0.002256695718250346    0.002256695718250346
0      0.9    120     300   1.                   0.002256695718250346    0.002256695718250346
0.9    1.2    20      25    0.9777580499649048   0.0045924702804860575   0.0045924702804860575
0.9    1.2    25      30    0.9761207103729248   0.0027571710523058043   0.0027571710523058043
0.9    1.2    30      40    0.9803759455680847   0.0010808916613122524   0.0010808916613122524
0.9    1.2    40      50    0.980180561542511    0.0008217609231351148   0.0008217609231351148
0.9    1.2    50      60    0.9765828847885132   0.001968053719659221    0.001968053719659221
0.9    1.2    60      120   0.9843119382858276   0.0037572247103092593   0.0037572247103092593
0.9    1.2    120     300   1.                   0.0037572247103092593   0.0037572247103092593
1.2    2.1    20      25    0.9929520487785339   0.002205034125004095    0.002205034125004095
1.2    2.1    25      30    0.9899960160255432   0.0013170883867401077   0.0013170883867401077
1.2    2.1    30      40    0.9923009872436523   0.000547124688723497    0.000547124688723497
1.2    2.1    40      50    0.9912539124488831   0.0004033169386460168   0.0004033169386460168
1.2    2.1    50      60    0.9890615940093994   0.0010913733157291135   0.0010913733157291135
1.2    2.1    60      120   0.9906663298606873   0.002467626830455573    0.002467626830455573
1.2    2.1    120     300   1.                   0.002467626830455573    0.002467626830455573         
2.1    2.4    20      25    0.9784525632858276   0.004391788339464875    0.004391788339464875
2.1    2.4    25      30    0.9764078259468079   0.0028713517439823075   0.0028713517439823075
2.1    2.4    30      40    0.9783080816268921   0.001464663354385951    0.001464663354385951
2.1    2.4    40      50    0.9775457382202148   0.0013582979541989653   0.0013582979541989653
2.1    2.4    50      60    0.972767174243927    0.003409396412812824    0.003409396412812824
2.1    2.4    60      120   0.9640517830848694   0.008398193813865792    0.008398193813865792
2.1    2.4    120     300   1.                   0.008398193813865792    0.008398193813865792
