0	0.9	20	25	0.958376	0.00256685	0.00256685
0	0.9	25	30	0.970763	0.00126508	0.00126508
0	0.9	30	40	0.975881	0.000481227	0.000481227
0	0.9	40	50	0.976182	0.000387079	0.000387079
0	0.9	50	60	0.972266	0.000999986	0.000999986
0	0.9	60	100	0.973523	0.00201625	0.00201625
0	0.9	100	200	0.98764		0.0160819	0.0160819
0.9	1.2	20	25	0.969183	0.00375759	0.00375759
0.9	1.2	25	30	0.966866	0.00206616	0.00206616
0.9	1.2	30	40	0.971573	0.000830174	0.000830174
0.9	1.2	40	50	0.970849	0.000627464	0.000627464
0.9	1.2	50	60	0.971497	0.00167629	0.00167629
0.9	1.2	60	100	0.968216	0.00347208	0.00347208
0.9	1.2	100	200	1.02714		0.0224793	0.0224793
1.2	2.1	20	25	0.991418	0.00197292	0.00197292
1.2	2.1	25	30	0.989645	0.00109714	0.00109714
1.2	2.1	30	40	0.990198	0.000450168	0.000450168
1.2	2.1	40	50	0.990848	0.000200121	0.000200121
1.2	2.1	50	60	0.991589	0.00115025	0.00115025
1.2	2.1	60	100	0.989786	0.00262609	0.00262609
1.2	2.1	100	200	1.01349		0.00944602	0.00944602
2.1	2.4	20	25	0.985294	0.00368382	0.00368382
2.1	2.4	25	30	0.975853	0.00230061	0.00230061
2.1	2.4	30	40	0.973918	0.00113783	0.00113783
2.1	2.4	40	50	0.969894	0.00108924	0.00108924
2.1	2.4	50	60	0.981064	0.00354674	0.00354674
2.1	2.4	60	100	0.975218	0.00763513	0.00763513
2.1	2.4	100	200	0.91808		0.0796353	0.0796353
