0      0.9    22      25    0.9900641441345215   0.0028550893426635884   0.0028550893426635884
0      0.9    25      30    0.9899429678916931   0.0014315249867833495   0.0014315249867833495
0      0.9    30      40    0.9887258410453796   0.0006049108978808115   0.0006049108978808115
0      0.9    40      50    0.987514853477478    0.0004797264832644269   0.0004797264832644269
0      0.9    50      60    0.9863508939743042   0.0010067688553946394   0.0010067688553946394
0      0.9    60      120   0.9867511987686157   0.001313462754868952    0.001313462754868952
0      0.9    120     300   1.                   0.001313462754868952    0.001313462754868952
0.9    1.2    22      25    0.9822297096252441   0.004779925188099791    0.004779925188099791
0.9    1.2    25      30    0.9839313626289368   0.002866192877141388    0.002866192877141388
0.9    1.2    30      40    0.9843783974647522   0.0012664861311350074   0.0012664861311350074
0.9    1.2    40      50    0.9822947978973389   0.0006915995567224423   0.0006915995567224423
0.9    1.2    50      60    0.9777376055717468   0.0020222322883149016   0.0020222322883149016
0.9    1.2    60      120   0.9747233986854553   0.002822144553243452    0.002822144553243452
0.9    1.2    120     300   1.                   0.002822144553243452    0.002822144553243452
1.2    2.1    22      25    0.9906060099601746   0.003295395027590731    0.003295395027590731
1.2    2.1    25      30    0.9934347867965698   0.0019502119097320727   0.0019502119097320727
1.2    2.1    30      40    0.9933980703353882   0.0009395995047261239   0.0009395995047261239
1.2    2.1    40      50    0.9941329956054688   0.0007004762635057405   0.0007004762635057405
1.2    2.1    50      60    0.9953228235244751   0.0014545835581985392   0.0014545835581985392
1.2    2.1    60      120   0.9950445890426636   0.0020302764883891335   0.0020302764883891335
1.2    2.1    120     300   1.                   0.0020302764883891335   0.0020302764883891335       
2.1    2.4    22      25    0.9631325006484985   0.008145359367943715    0.008145359367943715
2.1    2.4    25      30    0.9826157093048096   0.004898748071149265    0.004898748071149265
2.1    2.4    30      40    0.9958723187446594   0.002460722531939105    0.002460722531939105
2.1    2.4    40      50    0.9969485402107239   0.001481191736094993    0.001481191736094993
2.1    2.4    50      60    0.9934344291687012   0.004216023477013905    0.004216023477013905
2.1    2.4    60      120   0.9963991641998291   0.006265504030851062    0.006265504030851062
2.1    2.4    120     300   1.                   0.006265504030851062    0.006265504030851062
