-3   -2.5   0   10   0   0   0
-3   -2.5   10   20   0   0   0
-2.5   -2   0   10   0   0   0
-2.5   -2   10   20   1.0089   0.00994427   0.00994427
-2   -1.566   0   10   0   0   0
-2   -1.566   10   20   1.02218   0.023227   0.023227
-1.566   -1.444   0   10   0   0   0
-1.566   -1.444   10   20   1.54379   0.400145   0.400145
-1.444   -1   0   10   0   0   0
-1.444   -1   10   20   1.02388   0.0349956   0.0349956
-1   0   0   10   0   0   0
-1   0   10   20   1.13841   0.0615823   0.0615823
0   1   0   10   0   0   0
0   1   10   20   1.13841   0.0615823   0.0615823
1   1.444   0   10   0   0   0
1   1.444   10   20   1.02388   0.0349956   0.0349956
1.444   1.566   0   10   0   0   0
1.444   1.566   10   20   1.54379   0.400145   0.400145
1.566   2   0   10   0   0   0
1.566   2   10   20   1.02218   0.023227   0.023227
2   2.5   0   10   0   0   0
2   2.5   10   20   1.0089   0.00994427   0.00994427
