-3   -2.5   0   10   0   0   0
-3   -2.5   10   20   0   0   0
-2.91667   -2.5   20   45   0   0   0
-2.91667   -2.5   45   75   0   0   0
-2.91667   -2.5   75   100   0   0   0
-2.91667   -2.5   100   500   0   0   0
-2.5   -2   0   10   0   0   0
-2.5   -2   10   20   0.989008   0.00994427   0.00994427
-2.5   -2   20   45   0.983539   0.00359343   0.00359343
-2.5   -2   45   75   0.986708   0.00532941   0.00532941
-2.5   -2   75   100   0.996926   0.00851089   0.00851089
-2.5   -2   100   500   0.998983   0.00747555   0.00747555
-2   -1.566   0   10   0   0   0
-2   -1.566   10   20   0.975725   0.023227   0.023227
-2   -1.566   20   45   0.988718   0.00339992   0.00339992
-2   -1.566   45   75   0.988787   0.00391496   0.00391496
-2   -1.566   75   100   0.993902   0.00476668   0.00476668
-2   -1.566   100   500   1.00713   0.0070552   0.0070552
-1.566   -1.444   0   10   0   0   0
-1.566   -1.444   10   20   0.743502   0.400145   0.400145
-1.566   -1.444   20   45   0.975439   0.00466349   0.00466349
-1.566   -1.444   45   75   0.965921   0.00874272   0.00874272
-1.566   -1.444   75   100   1.03384   0.0190658   0.0190658
-1.566   -1.444   100   500   1.0308   0.0237226   0.0237226
-1.444   -1   0   10   0   0   0
-1.444   -1   10   20   0.953893   0.0349956   0.0349956
-1.444   -1   20   45   0.982383   0.00316481   0.00316481
-1.444   -1   45   75   0.983539   0.0055363   0.0055363
-1.444   -1   75   100   0.99793   0.00815115   0.00815115
-1.444   -1   100   500   0.993827   0.00756015   0.00756015
-1   0   0   10   0   0   0
-1   0   10   20   1.01525   0.0615823   0.0615823
-1   -0.5   20   45   0.988683   0.00365619   0.00365619
-1   -0.5   45   75   0.987743   0.00621236   0.00621236
-1   -0.5   75   100   0.989733   0.00801874   0.00801874
-1   -0.5   100   500   0.99591   0.00531304   0.00531304
-0.5   0   20   45   0.98657   0.00381145   0.00381145
-0.5   0   45   75   0.987692   0.00624645   0.00624645
-0.5   0   75   100   0.989754   0.00396822   0.00396822
-0.5   0   100   500   0.995906   0.00639201   0.00639201
0   1   0   10   0   0   0
0   1   10   20   1.01525   0.0615823   0.0615823
0   0.5   20   45   0.986458   0.00381145   0.00381145
0   0.5   45   75   0.985507   0.00624645   0.00624645
0   0.5   75   100   0.989754   0.00396822   0.00396822
0   0.5   100   500   0.995906   0.00639201   0.00639201
0.5   1   20   45   0.987526   0.00365619   0.00365619
0.5   1   45   75   0.988613   0.00621236   0.00621236
0.5   1   75   100   0.989733   0.00801874   0.00801874
0.5   1   100   500   0.99591   0.00531304   0.00531304
1   1.444   0   10   0   0   0
1   1.444   10   20   0.953893   0.0349956   0.0349956
1   1.444   20   45   0.979101   0.00316481   0.00316481
1   1.444   45   75   0.980311   0.0055363   0.0055363
1   1.444   75   100   0.99793   0.00815115   0.00815115
1   1.444   100   500   0.993827   0.00756015   0.00756015
1.444   1.566   0   10   0   0   0
1.444   1.566   10   20   0.743502   0.400145   0.400145
1.444   1.566   20   45   0.987013   0.00466349   0.00466349
1.444   1.566   45   75   0.974194   0.00874272   0.00874272
1.444   1.566   75   100   1.03384   0.0190658   0.0190658
1.444   1.566   100   500   1.0308   0.0237226   0.0237226
1.566   2   0   10   0   0   0
1.566   2   10   20   0.975725   0.023227   0.023227
1.566   2   20   45   0.987705   0.00339992   0.00339992
1.566   2   45   75   0.988787   0.00391496   0.00391496
1.566   2   75   100   0.993902   0.00476668   0.00476668
1.566   2   100   500   1.00713   0.0070552   0.0070552
2   2.5   0   10   0   0   0
2   2.5   10   20   0.989008   0.00994427   0.00994427
2   2.5   20   45   0.98668   0.00359343   0.00359343
2   2.5   45   75   0.988787   0.00532941   0.00532941
2   2.5   75   100   0.996926   0.00851089   0.00851089
2   2.5   100   500   0.998983   0.00747555   0.00747555
