-2.88   -2.4   -83.3333   0   0   0   0
-2.88   -2.4   0   33   0   0   0
-2.88   -2.4   33   40   0   0   0
-2.88   -2.4   40   50   0   0   0
-2.88   -2.4   50   100   0   0   0
-2.88   -2.4   100   200   0   0   0
-2.88   -2.4   200   500   0   0   0
-2.4   -2   -83.3333   0   0   0   0
-2.4   -2   0   33   0.184615   0.10825   0.10825
-2.4   -2   33   40   0.876448   0.00296991   0.00296991
-2.4   -2   40   50   0.99642   0.00345226   0.00345226
-2.4   -2   50   100   0.994279   0.00269719   0.00269719
-2.4   -2   100   200   0.992497   0.0108181   0.0108181
-2.4   -2   200   500   1.04199   0.0434041   0.0434041
-2   -1.566   -83.3333   0   0   0   0
-2   -1.566   0   33   0.360465   0.0470109   0.0470109
-2   -1.566   33   40   0.898623   0.00522429   0.00522429
-2   -1.566   40   50   0.974148   0.00242536   0.00242536
-2   -1.566   50   100   0.982877   0.00383326   0.00383326
-2   -1.566   100   200   0.987083   0.00673874   0.00673874
-2   -1.566   200   500   0.985059   0.0201285   0.0201285
-1.566   -1.444   -83.3333   0   0   0   0
-1.566   -1.444   0   33   0.433333   0.0526299   0.0526299
-1.566   -1.444   33   40   0.853073   0.0147839   0.0147839
-1.566   -1.444   40   50   0.974901   0.00668841   0.00668841
-1.566   -1.444   50   100   0.988402   0.0161085   0.0161085
-1.566   -1.444   100   200   0.976331   0.023392   0.023392
-1.566   -1.444   200   500   0.958838   0.0815081   0.0815081
-1.444   -0.8   -83.3333   0   0   0   0
-1.444   -0.8   0   33   0.367347   0.0611124   0.0611124
-1.444   -0.8   33   40   0.884224   0.00202192   0.00202192
-1.444   -0.8   40   50   0.958531   0.00206074   0.00206074
-1.444   -0.8   50   100   0.967008   0.00235606   0.00235606
-1.444   -0.8   100   200   0.982759   0.00487898   0.00487898
-1.444   -0.8   200   500   0.986081   0.0445461   0.0445461
-0.8   0   -83.3333   0   0   0   0
-0.8   0   0   33   0.44898   0.0714286   0.0714286
-0.8   0   33   40   0.92674   0.00220793   0.00220793
-0.8   0   40   50   0.960648   0.00174115   0.00174115
-0.8   0   50   100   0.962264   0.00200643   0.00200643
-0.8   0   100   200   0.980749   0.00422199   0.00422199
-0.8   0   200   500   0.985248   0.00837678   0.00837678
0   0.8   -83.3333   0   0   0   0
0   0.8   0   33   0.44898   0.0714286   0.0714286
0   0.8   33   40   0.921376   0.00220793   0.00220793
0   0.8   40   50   0.947613   0.00174115   0.00174115
0   0.8   50   100   0.948661   0.00200643   0.00200643
0   0.8   100   200   0.970968   0.00422199   0.00422199
0   0.8   200   500   0.974657   0.00852083   0.00852083
0.8   1.444   -83.3333   0   0   0   0
0.8   1.444   0   33   0.4   0.0611124   0.0611124
0.8   1.444   33   40   0.876607   0.00202192   0.00202192
0.8   1.444   40   50   0.9546   0.00206074   0.00206074
0.8   1.444   50   100   0.965557   0.00235606   0.00235606
0.8   1.444   100   200   0.977371   0.00487898   0.00487898
0.8   1.444   200   500   0.979809   0.044491   0.044491
1.444   1.566   -83.3333   0   0   0   0
1.444   1.566   0   33   0.324675   0.0515109   0.0515109
1.444   1.566   33   40   0.837423   0.0148373   0.0148373
1.444   1.566   40   50   0.956175   0.00668841   0.00668841
1.444   1.566   50   100   0.973719   0.0161085   0.0161085
1.444   1.566   100   200   1.05868   0.0242861   0.0242861
1.444   1.566   200   500   1.05919   0.0818548   0.0818548
1.566   2   -83.3333   0   0   0   0
1.566   2   0   33   0.394737   0.0470109   0.0470109
1.566   2   33   40   0.896334   0.00522429   0.00522429
1.566   2   40   50   0.972909   0.00242536   0.00242536
1.566   2   50   100   0.982838   0.00383326   0.00383326
1.566   2   100   200   0.992391   0.00696814   0.00696814
1.566   2   200   500   0.997849   0.0207652   0.0207652
2   2.4   -83.3333   0   0   0   0
2   2.4   0   33   0.193548   0.10825   0.10825
2   2.4   33   40   0.873368   0.00296991   0.00296991
2   2.4   40   50   0.997579   0.00345226   0.00345226
2   2.4   50   100   0.993064   0.00269719   0.00269719
2   2.4   100   200   0.994463   0.0111623   0.0111623
2   2.4   200   500   1.01309   0.0449519   0.0449519
