-2.500000	-2.400000	10.000000	12.000000	0.043176	0.054064	0.054064
-2.500000	-2.400000	12.000000	15.000000	0.421459	0.098301	0.098301
-2.500000	-2.400000	15.000000	18.000000	0.708856	0.051454	0.051454
-2.500000	-2.400000	18.000000	20.000000	0.786521	0.046883	0.046883
-2.500000	-2.400000	20.000000	25.000000	0.847072	0.029978	0.029978
-2.500000	-2.400000	25.000000	30.000000	0.875709	0.015017	0.015017
-2.500000	-2.400000	30.000000	35.000000	0.940030	0.017080	0.017080
-2.500000	-2.400000	35.000000	40.000000	0.952842	0.008229	0.008229
-2.500000	-2.400000	40.000000	45.000000	0.954171	0.006737	0.006737
-2.500000	-2.400000	45.000000	50.000000	0.955061	0.006549	0.006549
-2.500000	-2.400000	50.000000	60.000000	0.966383	0.015376	0.015376
-2.500000	-2.400000	60.000000	70.000000	0.983588	0.010231	0.010231
-2.500000	-2.400000	70.000000	100.000000	0.988592	0.015588	0.015588
-2.500000	-2.400000	100.000000	500.000000	0.974625	0.017872	0.017872
-2.400000	-2.300000	10.000000	12.000000	0.059872	0.054302	0.054302
-2.400000	-2.300000	12.000000	15.000000	0.564448	0.047466	0.047466
-2.400000	-2.300000	15.000000	18.000000	0.791109	0.036828	0.036828
-2.400000	-2.300000	18.000000	20.000000	0.846839	0.043368	0.043368
-2.400000	-2.300000	20.000000	25.000000	0.888876	0.021389	0.021389
-2.400000	-2.300000	25.000000	30.000000	0.938524	0.012806	0.012806
-2.400000	-2.300000	30.000000	35.000000	0.973274	0.005085	0.005085
-2.400000	-2.300000	35.000000	40.000000	0.986593	0.005460	0.005460
-2.400000	-2.300000	40.000000	45.000000	1.002910	0.004490	0.004490
-2.400000	-2.300000	45.000000	50.000000	0.999341	0.004001	0.004001
-2.400000	-2.300000	50.000000	60.000000	0.988016	0.005981	0.005981
-2.400000	-2.300000	60.000000	70.000000	0.985588	0.009303	0.009303
-2.400000	-2.300000	70.000000	100.000000	0.988829	0.008951	0.008951
-2.400000	-2.300000	100.000000	500.000000	0.987809	0.010912	0.010912
-2.300000	-2.200000	10.000000	12.000000	0.036616	0.021388	0.021388
-2.300000	-2.200000	12.000000	15.000000	0.613505	0.058569	0.058569
-2.300000	-2.200000	15.000000	18.000000	0.836246	0.034945	0.034945
-2.300000	-2.200000	18.000000	20.000000	0.892510	0.030561	0.030561
-2.300000	-2.200000	20.000000	25.000000	0.935948	0.011783	0.011783
-2.300000	-2.200000	25.000000	30.000000	0.970416	0.011384	0.011384
-2.300000	-2.200000	30.000000	35.000000	0.982438	0.004612	0.004612
-2.300000	-2.200000	35.000000	40.000000	0.995505	0.004374	0.004374
-2.300000	-2.200000	40.000000	45.000000	0.993824	0.002655	0.002655
-2.300000	-2.200000	45.000000	50.000000	0.992077	0.003095	0.003095
-2.300000	-2.200000	50.000000	60.000000	0.990583	0.003212	0.003212
-2.300000	-2.200000	60.000000	70.000000	0.989631	0.006771	0.006771
-2.300000	-2.200000	70.000000	100.000000	0.981067	0.008178	0.008178
-2.300000	-2.200000	100.000000	500.000000	0.997048	0.006794	0.006794
-2.200000	-2.100000	10.000000	12.000000	0.117636	0.053360	0.053360
-2.200000	-2.100000	12.000000	15.000000	0.634431	0.067424	0.067424
-2.200000	-2.100000	15.000000	18.000000	0.900462	0.035418	0.035418
-2.200000	-2.100000	18.000000	20.000000	0.961530	0.032592	0.032592
-2.200000	-2.100000	20.000000	25.000000	0.981422	0.017015	0.017015
-2.200000	-2.100000	25.000000	30.000000	1.004664	0.005679	0.005679
-2.200000	-2.100000	30.000000	35.000000	0.999112	0.004071	0.004071
-2.200000	-2.100000	35.000000	40.000000	1.009245	0.002411	0.002411
-2.200000	-2.100000	40.000000	45.000000	0.998853	0.003502	0.003502
-2.200000	-2.100000	45.000000	50.000000	0.998618	0.004692	0.004692
-2.200000	-2.100000	50.000000	60.000000	0.997483	0.007584	0.007584
-2.200000	-2.100000	60.000000	70.000000	0.995644	0.005172	0.005172
-2.200000	-2.100000	70.000000	100.000000	0.998786	0.004544	0.004544
-2.200000	-2.100000	100.000000	500.000000	1.003632	0.004570	0.004570
-2.100000	-2.000000	10.000000	12.000000	0.062998	0.033454	0.033454
-2.100000	-2.000000	12.000000	15.000000	0.677993	0.051382	0.051382
-2.100000	-2.000000	15.000000	18.000000	0.909681	0.025857	0.025857
-2.100000	-2.000000	18.000000	20.000000	0.961316	0.016851	0.016851
-2.100000	-2.000000	20.000000	25.000000	0.989121	0.008991	0.008991
-2.100000	-2.000000	25.000000	30.000000	1.008677	0.008672	0.008672
-2.100000	-2.000000	30.000000	35.000000	0.999572	0.006043	0.006043
-2.100000	-2.000000	35.000000	40.000000	1.002864	0.001933	0.001933
-2.100000	-2.000000	40.000000	45.000000	1.000194	0.002583	0.002583
-2.100000	-2.000000	45.000000	50.000000	0.998767	0.002548	0.002548
-2.100000	-2.000000	50.000000	60.000000	0.998177	0.002579	0.002579
-2.100000	-2.000000	60.000000	70.000000	0.998466	0.008249	0.008249
-2.100000	-2.000000	70.000000	100.000000	0.993729	0.005889	0.005889
-2.100000	-2.000000	100.000000	500.000000	1.001432	0.002258	0.002258
-2.000000	-1.900000	10.000000	12.000000	0.253452	0.109449	0.109449
-2.000000	-1.900000	12.000000	15.000000	0.720094	0.063922	0.063922
-2.000000	-1.900000	15.000000	18.000000	0.885055	0.024494	0.024494
-2.000000	-1.900000	18.000000	20.000000	0.943922	0.037702	0.037702
-2.000000	-1.900000	20.000000	25.000000	0.990922	0.009036	0.009036
-2.000000	-1.900000	25.000000	30.000000	0.998744	0.006524	0.006524
-2.000000	-1.900000	30.000000	35.000000	0.998648	0.003791	0.003791
-2.000000	-1.900000	35.000000	40.000000	0.996057	0.004113	0.004113
-2.000000	-1.900000	40.000000	45.000000	0.995796	0.002598	0.002598
-2.000000	-1.900000	45.000000	50.000000	0.993780	0.002814	0.002814
-2.000000	-1.900000	50.000000	60.000000	0.994095	0.004169	0.004169
-2.000000	-1.900000	60.000000	70.000000	0.997345	0.008893	0.008893
-2.000000	-1.900000	70.000000	100.000000	0.984253	0.007420	0.007420
-2.000000	-1.900000	100.000000	500.000000	1.000000	0.003914	0.003914
-1.900000	-1.800000	10.000000	12.000000	0.418587	0.299148	0.299148
-1.900000	-1.800000	12.000000	15.000000	0.759124	0.094389	0.094389
-1.900000	-1.800000	15.000000	18.000000	0.873263	0.024720	0.024720
-1.900000	-1.800000	18.000000	20.000000	0.950558	0.028169	0.028169
-1.900000	-1.800000	20.000000	25.000000	0.998769	0.007867	0.007867
-1.900000	-1.800000	25.000000	30.000000	1.001632	0.008523	0.008523
-1.900000	-1.800000	30.000000	35.000000	1.003340	0.003419	0.003419
-1.900000	-1.800000	35.000000	40.000000	1.004218	0.001742	0.001742
-1.900000	-1.800000	40.000000	45.000000	0.998030	0.004085	0.004085
-1.900000	-1.800000	45.000000	50.000000	0.998654	0.002878	0.002878
-1.900000	-1.800000	50.000000	60.000000	0.997034	0.003695	0.003695
-1.900000	-1.800000	60.000000	70.000000	0.998076	0.005466	0.005466
-1.900000	-1.800000	70.000000	100.000000	0.994835	0.005778	0.005778
-1.900000	-1.800000	100.000000	500.000000	1.001764	0.002232	0.002232
-1.800000	-1.700000	10.000000	12.000000	0.601263	0.275745	0.275745
-1.800000	-1.700000	12.000000	15.000000	0.696543	0.069150	0.069150
-1.800000	-1.700000	15.000000	18.000000	0.900828	0.045234	0.045234
-1.800000	-1.700000	18.000000	20.000000	0.940697	0.025154	0.025154
-1.800000	-1.700000	20.000000	25.000000	0.988874	0.009002	0.009002
-1.800000	-1.700000	25.000000	30.000000	1.001279	0.008860	0.008860
-1.800000	-1.700000	30.000000	35.000000	1.002550	0.004280	0.004280
-1.800000	-1.700000	35.000000	40.000000	1.003366	0.003577	0.003577
-1.800000	-1.700000	40.000000	45.000000	0.996499	0.002941	0.002941
-1.800000	-1.700000	45.000000	50.000000	0.996765	0.004517	0.004517
-1.800000	-1.700000	50.000000	60.000000	0.999270	0.002898	0.002898
-1.800000	-1.700000	60.000000	70.000000	0.996078	0.004211	0.004211
-1.800000	-1.700000	70.000000	100.000000	1.004340	0.005570	0.005570
-1.800000	-1.700000	100.000000	500.000000	1.001935	0.003325	0.003325
-1.700000	-1.600000	10.000000	12.000000	0.829662	1.043577	1.043577
-1.700000	-1.600000	12.000000	15.000000	0.750515	0.065952	0.065952
-1.700000	-1.600000	15.000000	18.000000	0.887339	0.052370	0.052370
-1.700000	-1.600000	18.000000	20.000000	0.936714	0.051300	0.051300
-1.700000	-1.600000	20.000000	25.000000	0.986595	0.010238	0.010238
-1.700000	-1.600000	25.000000	30.000000	0.997634	0.011265	0.011265
-1.700000	-1.600000	30.000000	35.000000	0.999602	0.006429	0.006429
-1.700000	-1.600000	35.000000	40.000000	0.998893	0.003518	0.003518
-1.700000	-1.600000	40.000000	45.000000	0.997367	0.002433	0.002433
-1.700000	-1.600000	45.000000	50.000000	0.995253	0.002498	0.002498
-1.700000	-1.600000	50.000000	60.000000	0.996353	0.002992	0.002992
-1.700000	-1.600000	60.000000	70.000000	0.996405	0.003785	0.003785
-1.700000	-1.600000	70.000000	100.000000	0.998573	0.006905	0.006905
-1.700000	-1.600000	100.000000	500.000000	1.000866	0.005690	0.005690
-1.600000	-1.500000	10.000000	12.000000	1.033147	1.145663	1.145663
-1.600000	-1.500000	12.000000	15.000000	0.861268	0.155283	0.155283
-1.600000	-1.500000	15.000000	18.000000	0.903263	0.081362	0.081362
-1.600000	-1.500000	18.000000	20.000000	0.945153	0.058597	0.058597
-1.600000	-1.500000	20.000000	25.000000	1.010280	0.031309	0.031309
-1.600000	-1.500000	25.000000	30.000000	0.992684	0.014693	0.014693
-1.600000	-1.500000	30.000000	35.000000	1.002164	0.015088	0.015088
-1.600000	-1.500000	35.000000	40.000000	1.006171	0.005170	0.005170
-1.600000	-1.500000	40.000000	45.000000	1.005494	0.004946	0.004946
-1.600000	-1.500000	45.000000	50.000000	0.997406	0.003549	0.003549
-1.600000	-1.500000	50.000000	60.000000	0.994814	0.004265	0.004265
-1.600000	-1.500000	60.000000	70.000000	1.004487	0.006088	0.006088
-1.600000	-1.500000	70.000000	100.000000	0.998211	0.013117	0.013117
-1.600000	-1.500000	100.000000	500.000000	0.987578	0.009131	0.009131
-1.500000	-1.400000	10.000000	12.000000	1.311029	2.350564	2.350564
-1.500000	-1.400000	12.000000	15.000000	1.213038	0.101799	0.101799
-1.500000	-1.400000	15.000000	18.000000	0.993652	0.059655	0.059655
-1.500000	-1.400000	18.000000	20.000000	0.995099	0.026835	0.026835
-1.500000	-1.400000	20.000000	25.000000	0.999891	0.017659	0.017659
-1.500000	-1.400000	25.000000	30.000000	1.018563	0.010026	0.010026
-1.500000	-1.400000	30.000000	35.000000	1.001978	0.007917	0.007917
-1.500000	-1.400000	35.000000	40.000000	0.988050	0.005791	0.005791
-1.500000	-1.400000	40.000000	45.000000	0.997545	0.003447	0.003447
-1.500000	-1.400000	45.000000	50.000000	0.992546	0.005277	0.005277
-1.500000	-1.400000	50.000000	60.000000	0.992834	0.007772	0.007772
-1.500000	-1.400000	60.000000	70.000000	0.995689	0.013966	0.013966
-1.500000	-1.400000	70.000000	100.000000	0.968198	0.014239	0.014239
-1.500000	-1.400000	100.000000	500.000000	0.982201	0.013823	0.013823
-1.400000	-1.300000	10.000000	12.000000	2.407538	2.921224	2.921224
-1.400000	-1.300000	12.000000	15.000000	1.152534	0.172029	0.172029
-1.400000	-1.300000	15.000000	18.000000	1.016414	0.025005	0.025005
-1.400000	-1.300000	18.000000	20.000000	0.991679	0.021079	0.021079
-1.400000	-1.300000	20.000000	25.000000	1.013939	0.011202	0.011202
-1.400000	-1.300000	25.000000	30.000000	1.004051	0.007978	0.007978
-1.400000	-1.300000	30.000000	35.000000	1.003185	0.005439	0.005439
-1.400000	-1.300000	35.000000	40.000000	0.999777	0.003459	0.003459
-1.400000	-1.300000	40.000000	45.000000	0.994224	0.002609	0.002609
-1.400000	-1.300000	45.000000	50.000000	0.996249	0.002041	0.002041
-1.400000	-1.300000	50.000000	60.000000	0.992698	0.004969	0.004969
-1.400000	-1.300000	60.000000	70.000000	0.999607	0.006637	0.006637
-1.400000	-1.300000	70.000000	100.000000	0.997002	0.007528	0.007528
-1.400000	-1.300000	100.000000	500.000000	0.988613	0.009915	0.009915
-1.300000	-1.200000	10.000000	12.000000	2.145270	1.180065	1.180065
-1.300000	-1.200000	12.000000	15.000000	1.039641	0.088131	0.088131
-1.300000	-1.200000	15.000000	18.000000	0.982626	0.037793	0.037793
-1.300000	-1.200000	18.000000	20.000000	1.001443	0.021987	0.021987
-1.300000	-1.200000	20.000000	25.000000	1.006603	0.011617	0.011617
-1.300000	-1.200000	25.000000	30.000000	0.994499	0.005511	0.005511
-1.300000	-1.200000	30.000000	35.000000	0.997079	0.006034	0.006034
-1.300000	-1.200000	35.000000	40.000000	0.994363	0.002601	0.002601
-1.300000	-1.200000	40.000000	45.000000	0.995010	0.003326	0.003326
-1.300000	-1.200000	45.000000	50.000000	0.994275	0.002441	0.002441
-1.300000	-1.200000	50.000000	60.000000	0.992994	0.003975	0.003975
-1.300000	-1.200000	60.000000	70.000000	0.992384	0.010640	0.010640
-1.300000	-1.200000	70.000000	100.000000	0.989197	0.006572	0.006572
-1.300000	-1.200000	100.000000	500.000000	1.006277	0.011333	0.011333
-1.200000	-1.100000	10.000000	12.000000	3.899837	2.091312	2.091312
-1.200000	-1.100000	12.000000	15.000000	1.070886	0.084247	0.084247
-1.200000	-1.100000	15.000000	18.000000	0.956895	0.030652	0.030652
-1.200000	-1.100000	18.000000	20.000000	0.979523	0.024986	0.024986
-1.200000	-1.100000	20.000000	25.000000	0.999531	0.010857	0.010857
-1.200000	-1.100000	25.000000	30.000000	0.997736	0.005654	0.005654
-1.200000	-1.100000	30.000000	35.000000	1.001928	0.003892	0.003892
-1.200000	-1.100000	35.000000	40.000000	0.993693	0.004869	0.004869
-1.200000	-1.100000	40.000000	45.000000	0.994152	0.002036	0.002036
-1.200000	-1.100000	45.000000	50.000000	0.994274	0.002602	0.002602
-1.200000	-1.100000	50.000000	60.000000	0.999311	0.003740	0.003740
-1.200000	-1.100000	60.000000	70.000000	0.989417	0.006008	0.006008
-1.200000	-1.100000	70.000000	100.000000	0.986980	0.008329	0.008329
-1.200000	-1.100000	100.000000	500.000000	0.993175	0.014386	0.014386
-1.100000	-1.000000	10.000000	12.000000	1.902634	0.671249	0.671249
-1.100000	-1.000000	12.000000	15.000000	1.002026	0.060651	0.060651
-1.100000	-1.000000	15.000000	18.000000	0.991821	0.017851	0.017851
-1.100000	-1.000000	18.000000	20.000000	0.992444	0.022696	0.022696
-1.100000	-1.000000	20.000000	25.000000	1.000773	0.010437	0.010437
-1.100000	-1.000000	25.000000	30.000000	1.003280	0.005184	0.005184
-1.100000	-1.000000	30.000000	35.000000	1.001333	0.005011	0.005011
-1.100000	-1.000000	35.000000	40.000000	0.998939	0.002819	0.002819
-1.100000	-1.000000	40.000000	45.000000	0.997277	0.001780	0.001780
-1.100000	-1.000000	45.000000	50.000000	0.998176	0.002459	0.002459
-1.100000	-1.000000	50.000000	60.000000	0.998195	0.004450	0.004450
-1.100000	-1.000000	60.000000	70.000000	0.991336	0.012535	0.012535
-1.100000	-1.000000	70.000000	100.000000	0.998215	0.006407	0.006407
-1.100000	-1.000000	100.000000	500.000000	0.986828	0.011429	0.011429
-1.000000	-0.900000	10.000000	12.000000	3.390277	3.736436	3.736436
-1.000000	-0.900000	12.000000	15.000000	0.949098	0.042000	0.042000
-1.000000	-0.900000	15.000000	18.000000	0.983757	0.015996	0.015996
-1.000000	-0.900000	18.000000	20.000000	1.006993	0.014208	0.014208
-1.000000	-0.900000	20.000000	25.000000	0.996306	0.007842	0.007842
-1.000000	-0.900000	25.000000	30.000000	0.993377	0.005507	0.005507
-1.000000	-0.900000	30.000000	35.000000	0.993969	0.002915	0.002915
-1.000000	-0.900000	35.000000	40.000000	0.991561	0.002262	0.002262
-1.000000	-0.900000	40.000000	45.000000	0.992008	0.002777	0.002777
-1.000000	-0.900000	45.000000	50.000000	0.990205	0.003411	0.003411
-1.000000	-0.900000	50.000000	60.000000	0.991391	0.002890	0.002890
-1.000000	-0.900000	60.000000	70.000000	0.986278	0.011300	0.011300
-1.000000	-0.900000	70.000000	100.000000	0.980629	0.006142	0.006142
-1.000000	-0.900000	100.000000	500.000000	0.995686	0.007038	0.007038
-0.900000	-0.800000	10.000000	12.000000	2.273119	1.107941	1.107941
-0.900000	-0.800000	12.000000	15.000000	1.035501	0.067281	0.067281
-0.900000	-0.800000	15.000000	18.000000	0.981510	0.016385	0.016385
-0.900000	-0.800000	18.000000	20.000000	0.996674	0.015352	0.015352
-0.900000	-0.800000	20.000000	25.000000	1.004514	0.008169	0.008169
-0.900000	-0.800000	25.000000	30.000000	0.986387	0.005228	0.005228
-0.900000	-0.800000	30.000000	35.000000	0.984957	0.003963	0.003963
-0.900000	-0.800000	35.000000	40.000000	0.988461	0.002014	0.002014
-0.900000	-0.800000	40.000000	45.000000	0.987170	0.002819	0.002819
-0.900000	-0.800000	45.000000	50.000000	0.986563	0.002026	0.002026
-0.900000	-0.800000	50.000000	60.000000	0.986118	0.004415	0.004415
-0.900000	-0.800000	60.000000	70.000000	0.984609	0.008733	0.008733
-0.900000	-0.800000	70.000000	100.000000	0.991146	0.006733	0.006733
-0.900000	-0.800000	100.000000	500.000000	0.979292	0.010634	0.010634
-0.800000	-0.700000	10.000000	12.000000	2.265165	1.086352	1.086352
-0.800000	-0.700000	12.000000	15.000000	0.991428	0.044347	0.044347
-0.800000	-0.700000	15.000000	18.000000	0.990776	0.020023	0.020023
-0.800000	-0.700000	18.000000	20.000000	0.997740	0.014855	0.014855
-0.800000	-0.700000	20.000000	25.000000	1.002588	0.008123	0.008123
-0.800000	-0.700000	25.000000	30.000000	0.991711	0.005299	0.005299
-0.800000	-0.700000	30.000000	35.000000	1.001373	0.002410	0.002410
-0.800000	-0.700000	35.000000	40.000000	0.996920	0.002804	0.002804
-0.800000	-0.700000	40.000000	45.000000	0.999138	0.002055	0.002055
-0.800000	-0.700000	45.000000	50.000000	0.997266	0.001813	0.001813
-0.800000	-0.700000	50.000000	60.000000	0.994741	0.004209	0.004209
-0.800000	-0.700000	60.000000	70.000000	0.991018	0.006099	0.006099
-0.800000	-0.700000	70.000000	100.000000	0.990703	0.006132	0.006132
-0.800000	-0.700000	100.000000	500.000000	0.999978	0.009013	0.009013
-0.700000	-0.600000	10.000000	12.000000	3.447839	1.357612	1.357612
-0.700000	-0.600000	12.000000	15.000000	0.990044	0.042402	0.042402
-0.700000	-0.600000	15.000000	18.000000	0.973392	0.016929	0.016929
-0.700000	-0.600000	18.000000	20.000000	1.014776	0.017415	0.017415
-0.700000	-0.600000	20.000000	25.000000	0.995025	0.006890	0.006890
-0.700000	-0.600000	25.000000	30.000000	0.998344	0.005640	0.005640
-0.700000	-0.600000	30.000000	35.000000	0.997582	0.004397	0.004397
-0.700000	-0.600000	35.000000	40.000000	0.994673	0.001844	0.001844
-0.700000	-0.600000	40.000000	45.000000	0.996678	0.002210	0.002210
-0.700000	-0.600000	45.000000	50.000000	0.996145	0.001678	0.001678
-0.700000	-0.600000	50.000000	60.000000	0.995220	0.002826	0.002826
-0.700000	-0.600000	60.000000	70.000000	1.003887	0.003860	0.003860
-0.700000	-0.600000	70.000000	100.000000	0.999043	0.004411	0.004411
-0.700000	-0.600000	100.000000	500.000000	0.992155	0.006788	0.006788
-0.600000	-0.500000	10.000000	12.000000	2.069817	2.367409	2.367409
-0.600000	-0.500000	12.000000	15.000000	0.975261	0.063546	0.063546
-0.600000	-0.500000	15.000000	18.000000	1.011319	0.012197	0.012197
-0.600000	-0.500000	18.000000	20.000000	0.990189	0.023097	0.023097
-0.600000	-0.500000	20.000000	25.000000	1.001558	0.007751	0.007751
-0.600000	-0.500000	25.000000	30.000000	0.993358	0.004294	0.004294
-0.600000	-0.500000	30.000000	35.000000	0.990799	0.003391	0.003391
-0.600000	-0.500000	35.000000	40.000000	0.995284	0.003183	0.003183
-0.600000	-0.500000	40.000000	45.000000	0.992248	0.002453	0.002453
-0.600000	-0.500000	45.000000	50.000000	0.994083	0.001757	0.001757
-0.600000	-0.500000	50.000000	60.000000	0.993114	0.002747	0.002747
-0.600000	-0.500000	60.000000	70.000000	0.992866	0.003930	0.003930
-0.600000	-0.500000	70.000000	100.000000	0.990918	0.006036	0.006036
-0.600000	-0.500000	100.000000	500.000000	0.997068	0.008904	0.008904
-0.500000	-0.400000	10.000000	12.000000	1.912631	0.930845	0.930845
-0.500000	-0.400000	12.000000	15.000000	0.964708	0.053338	0.053338
-0.500000	-0.400000	15.000000	18.000000	0.966660	0.022049	0.022049
-0.500000	-0.400000	18.000000	20.000000	0.992745	0.019655	0.019655
-0.500000	-0.400000	20.000000	25.000000	1.008080	0.009084	0.009084
-0.500000	-0.400000	25.000000	30.000000	0.982150	0.003938	0.003938
-0.500000	-0.400000	30.000000	35.000000	0.987850	0.002953	0.002953
-0.500000	-0.400000	35.000000	40.000000	0.988798	0.002845	0.002845
-0.500000	-0.400000	40.000000	45.000000	0.987272	0.001735	0.001735
-0.500000	-0.400000	45.000000	50.000000	0.990967	0.002300	0.002300
-0.500000	-0.400000	50.000000	60.000000	0.989794	0.003778	0.003778
-0.500000	-0.400000	60.000000	70.000000	0.989426	0.005291	0.005291
-0.500000	-0.400000	70.000000	100.000000	0.993789	0.004778	0.004778
-0.500000	-0.400000	100.000000	500.000000	0.994954	0.007870	0.007870
-0.400000	-0.300000	10.000000	12.000000	2.995449	13.442918	13.442918
-0.400000	-0.300000	12.000000	15.000000	0.992098	0.052530	0.052530
-0.400000	-0.300000	15.000000	18.000000	0.974562	0.038058	0.038058
-0.400000	-0.300000	18.000000	20.000000	0.967542	0.021095	0.021095
-0.400000	-0.300000	20.000000	25.000000	0.978215	0.008291	0.008291
-0.400000	-0.300000	25.000000	30.000000	0.966200	0.004443	0.004443
-0.400000	-0.300000	30.000000	35.000000	0.972251	0.003612	0.003612
-0.400000	-0.300000	35.000000	40.000000	0.984305	0.003468	0.003468
-0.400000	-0.300000	40.000000	45.000000	0.983427	0.002797	0.002797
-0.400000	-0.300000	45.000000	50.000000	0.986370	0.002145	0.002145
-0.400000	-0.300000	50.000000	60.000000	0.985978	0.004153	0.004153
-0.400000	-0.300000	60.000000	70.000000	0.990830	0.004326	0.004326
-0.400000	-0.300000	70.000000	100.000000	0.985287	0.007783	0.007783
-0.400000	-0.300000	100.000000	500.000000	0.989440	0.007792	0.007792
-0.300000	-0.200000	10.000000	12.000000	3.597072	1.303821	1.303821
-0.300000	-0.200000	12.000000	15.000000	0.952043	0.061413	0.061413
-0.300000	-0.200000	15.000000	18.000000	0.979655	0.014015	0.014015
-0.300000	-0.200000	18.000000	20.000000	0.986285	0.023339	0.023339
-0.300000	-0.200000	20.000000	25.000000	0.976634	0.012091	0.012091
-0.300000	-0.200000	25.000000	30.000000	0.979619	0.005071	0.005071
-0.300000	-0.200000	30.000000	35.000000	0.977523	0.005512	0.005512
-0.300000	-0.200000	35.000000	40.000000	0.982317	0.002893	0.002893
-0.300000	-0.200000	40.000000	45.000000	0.983561	0.002326	0.002326
-0.300000	-0.200000	45.000000	50.000000	0.988820	0.002053	0.002053
-0.300000	-0.200000	50.000000	60.000000	0.989482	0.003155	0.003155
-0.300000	-0.200000	60.000000	70.000000	0.989030	0.008902	0.008902
-0.300000	-0.200000	70.000000	100.000000	0.996098	0.007977	0.007977
-0.300000	-0.200000	100.000000	500.000000	0.994407	0.009683	0.009683
-0.200000	-0.100000	10.000000	12.000000	3.582817	3.824262	3.824262
-0.200000	-0.100000	12.000000	15.000000	0.950997	0.080493	0.080493
-0.200000	-0.100000	15.000000	18.000000	0.954130	0.024042	0.024042
-0.200000	-0.100000	18.000000	20.000000	0.979279	0.015714	0.015714
-0.200000	-0.100000	20.000000	25.000000	0.982310	0.008241	0.008241
-0.200000	-0.100000	25.000000	30.000000	0.979926	0.004569	0.004569
-0.200000	-0.100000	30.000000	35.000000	0.983418	0.003907	0.003907
-0.200000	-0.100000	35.000000	40.000000	0.988441	0.002927	0.002927
-0.200000	-0.100000	40.000000	45.000000	0.987352	0.001869	0.001869
-0.200000	-0.100000	45.000000	50.000000	0.989204	0.002689	0.002689
-0.200000	-0.100000	50.000000	60.000000	0.993246	0.002522	0.002522
-0.200000	-0.100000	60.000000	70.000000	0.991808	0.010239	0.010239
-0.200000	-0.100000	70.000000	100.000000	0.995997	0.006791	0.006791
-0.200000	-0.100000	100.000000	500.000000	0.997430	0.011303	0.011303
-0.100000	0.000000	10.000000	12.000000	2.488505	0.846792	0.846792
-0.100000	0.000000	12.000000	15.000000	0.955040	0.040728	0.040728
-0.100000	0.000000	15.000000	18.000000	0.948955	0.020266	0.020266
-0.100000	0.000000	18.000000	20.000000	0.943294	0.021445	0.021445
-0.100000	0.000000	20.000000	25.000000	0.966845	0.009511	0.009511
-0.100000	0.000000	25.000000	30.000000	0.963352	0.008744	0.008744
-0.100000	0.000000	30.000000	35.000000	0.967873	0.003663	0.003663
-0.100000	0.000000	35.000000	40.000000	0.980495	0.003575	0.003575
-0.100000	0.000000	40.000000	45.000000	0.982756	0.001779	0.001779
-0.100000	0.000000	45.000000	50.000000	0.982771	0.002742	0.002742
-0.100000	0.000000	50.000000	60.000000	0.988476	0.002631	0.002631
-0.100000	0.000000	60.000000	70.000000	0.992124	0.004597	0.004597
-0.100000	0.000000	70.000000	100.000000	0.996600	0.006166	0.006166
-0.100000	0.000000	100.000000	500.000000	0.998117	0.009591	0.009591
0.000000	0.100000	10.000000	12.000000	1.900857	0.912433	0.912433
0.000000	0.100000	12.000000	15.000000	0.933084	0.041221	0.041221
0.000000	0.100000	15.000000	18.000000	0.953239	0.029467	0.029467
0.000000	0.100000	18.000000	20.000000	0.977289	0.016939	0.016939
0.000000	0.100000	20.000000	25.000000	0.965535	0.010237	0.010237
0.000000	0.100000	25.000000	30.000000	0.948188	0.006787	0.006787
0.000000	0.100000	30.000000	35.000000	0.963202	0.004023	0.004023
0.000000	0.100000	35.000000	40.000000	0.978404	0.002849	0.002849
0.000000	0.100000	40.000000	45.000000	0.980139	0.002972	0.002972
0.000000	0.100000	45.000000	50.000000	0.982947	0.002444	0.002444
0.000000	0.100000	50.000000	60.000000	0.989060	0.004326	0.004326
0.000000	0.100000	60.000000	70.000000	0.989129	0.006751	0.006751
0.000000	0.100000	70.000000	100.000000	0.988931	0.009986	0.009986
0.000000	0.100000	100.000000	500.000000	0.998340	0.008001	0.008001
0.100000	0.200000	10.000000	12.000000	5.566055	2.611307	2.611307
0.100000	0.200000	12.000000	15.000000	0.989401	0.044969	0.044969
0.100000	0.200000	15.000000	18.000000	0.958246	0.027001	0.027001
0.100000	0.200000	18.000000	20.000000	0.973252	0.022721	0.022721
0.100000	0.200000	20.000000	25.000000	0.968072	0.007160	0.007160
0.100000	0.200000	25.000000	30.000000	0.967339	0.007675	0.007675
0.100000	0.200000	30.000000	35.000000	0.970637	0.004156	0.004156
0.100000	0.200000	35.000000	40.000000	0.974379	0.002440	0.002440
0.100000	0.200000	40.000000	45.000000	0.979373	0.002401	0.002401
0.100000	0.200000	45.000000	50.000000	0.974399	0.003018	0.003018
0.100000	0.200000	50.000000	60.000000	0.983201	0.002807	0.002807
0.100000	0.200000	60.000000	70.000000	0.989629	0.005775	0.005775
0.100000	0.200000	70.000000	100.000000	0.987731	0.005964	0.005964
0.100000	0.200000	100.000000	500.000000	0.980956	0.014936	0.014936
0.200000	0.300000	10.000000	12.000000	6.141209	4.567729	4.567729
0.200000	0.300000	12.000000	15.000000	0.979511	0.052943	0.052943
0.200000	0.300000	15.000000	18.000000	0.966314	0.018780	0.018780
0.200000	0.300000	18.000000	20.000000	0.977694	0.016244	0.016244
0.200000	0.300000	20.000000	25.000000	0.980896	0.009143	0.009143
0.200000	0.300000	25.000000	30.000000	0.961780	0.007180	0.007180
0.200000	0.300000	30.000000	35.000000	0.975054	0.002994	0.002994
0.200000	0.300000	35.000000	40.000000	0.975773	0.003623	0.003623
0.200000	0.300000	40.000000	45.000000	0.972926	0.002472	0.002472
0.200000	0.300000	45.000000	50.000000	0.977838	0.002649	0.002649
0.200000	0.300000	50.000000	60.000000	0.978450	0.004935	0.004935
0.200000	0.300000	60.000000	70.000000	0.987602	0.006729	0.006729
0.200000	0.300000	70.000000	100.000000	0.981030	0.007206	0.007206
0.200000	0.300000	100.000000	500.000000	0.999740	0.006313	0.006313
0.300000	0.400000	10.000000	12.000000	2.482008	1.319521	1.319521
0.300000	0.400000	12.000000	15.000000	0.997528	0.052036	0.052036
0.300000	0.400000	15.000000	18.000000	0.963490	0.030401	0.030401
0.300000	0.400000	18.000000	20.000000	0.958821	0.022735	0.022735
0.300000	0.400000	20.000000	25.000000	0.961370	0.008634	0.008634
0.300000	0.400000	25.000000	30.000000	0.958619	0.010407	0.010407
0.300000	0.400000	30.000000	35.000000	0.967685	0.003400	0.003400
0.300000	0.400000	35.000000	40.000000	0.973576	0.003395	0.003395
0.300000	0.400000	40.000000	45.000000	0.971449	0.002359	0.002359
0.300000	0.400000	45.000000	50.000000	0.971280	0.002106	0.002106
0.300000	0.400000	50.000000	60.000000	0.972654	0.003888	0.003888
0.300000	0.400000	60.000000	70.000000	0.971235	0.007007	0.007007
0.300000	0.400000	70.000000	100.000000	0.982263	0.006953	0.006953
0.300000	0.400000	100.000000	500.000000	0.968337	0.007945	0.007945
0.400000	0.500000	10.000000	12.000000	1.656800	1.412686	1.412686
0.400000	0.500000	12.000000	15.000000	0.951509	0.032464	0.032464
0.400000	0.500000	15.000000	18.000000	0.962445	0.015498	0.015498
0.400000	0.500000	18.000000	20.000000	0.974092	0.037152	0.037152
0.400000	0.500000	20.000000	25.000000	0.984446	0.010117	0.010117
0.400000	0.500000	25.000000	30.000000	0.971877	0.005650	0.005650
0.400000	0.500000	30.000000	35.000000	0.974913	0.002729	0.002729
0.400000	0.500000	35.000000	40.000000	0.979446	0.002780	0.002780
0.400000	0.500000	40.000000	45.000000	0.978356	0.002430	0.002430
0.400000	0.500000	45.000000	50.000000	0.984404	0.002851	0.002851
0.400000	0.500000	50.000000	60.000000	0.984293	0.003936	0.003936
0.400000	0.500000	60.000000	70.000000	0.991998	0.005651	0.005651
0.400000	0.500000	70.000000	100.000000	0.981548	0.006140	0.006140
0.400000	0.500000	100.000000	500.000000	0.976351	0.009100	0.009100
0.500000	0.600000	10.000000	12.000000	2.541584	0.992815	0.992815
0.500000	0.600000	12.000000	15.000000	1.039263	0.039635	0.039635
0.500000	0.600000	15.000000	18.000000	0.994670	0.014872	0.014872
0.500000	0.600000	18.000000	20.000000	1.009605	0.023258	0.023258
0.500000	0.600000	20.000000	25.000000	0.998997	0.006888	0.006888
0.500000	0.600000	25.000000	30.000000	0.983969	0.005086	0.005086
0.500000	0.600000	30.000000	35.000000	0.988824	0.002861	0.002861
0.500000	0.600000	35.000000	40.000000	0.990485	0.002702	0.002702
0.500000	0.600000	40.000000	45.000000	0.989332	0.001928	0.001928
0.500000	0.600000	45.000000	50.000000	0.990544	0.002187	0.002187
0.500000	0.600000	50.000000	60.000000	0.989574	0.001934	0.001934
0.500000	0.600000	60.000000	70.000000	0.991374	0.004985	0.004985
0.500000	0.600000	70.000000	100.000000	0.988992	0.004857	0.004857
0.500000	0.600000	100.000000	500.000000	0.985440	0.006463	0.006463
0.600000	0.700000	10.000000	12.000000	3.341688	1.301513	1.301513
0.600000	0.700000	12.000000	15.000000	1.034718	0.032332	0.032332
0.600000	0.700000	15.000000	18.000000	0.996367	0.025616	0.025616
0.600000	0.700000	18.000000	20.000000	1.023695	0.019631	0.019631
0.600000	0.700000	20.000000	25.000000	1.009013	0.015837	0.015837
0.600000	0.700000	25.000000	30.000000	0.992696	0.005745	0.005745
0.600000	0.700000	30.000000	35.000000	0.996189	0.003579	0.003579
0.600000	0.700000	35.000000	40.000000	0.993823	0.002974	0.002974
0.600000	0.700000	40.000000	45.000000	0.992995	0.002630	0.002630
0.600000	0.700000	45.000000	50.000000	0.996379	0.002487	0.002487
0.600000	0.700000	50.000000	60.000000	0.990051	0.003196	0.003196
0.600000	0.700000	60.000000	70.000000	0.988599	0.003400	0.003400
0.600000	0.700000	70.000000	100.000000	0.992996	0.005599	0.005599
0.600000	0.700000	100.000000	500.000000	0.993217	0.007609	0.007609
0.700000	0.800000	10.000000	12.000000	1.888635	11.333435	11.333435
0.700000	0.800000	12.000000	15.000000	0.999392	0.059947	0.059947
0.700000	0.800000	15.000000	18.000000	0.995748	0.034401	0.034401
0.700000	0.800000	18.000000	20.000000	1.006318	0.017032	0.017032
0.700000	0.800000	20.000000	25.000000	1.008997	0.009435	0.009435
0.700000	0.800000	25.000000	30.000000	0.998174	0.006203	0.006203
0.700000	0.800000	30.000000	35.000000	0.994762	0.003406	0.003406
0.700000	0.800000	35.000000	40.000000	0.985504	0.003157	0.003157
0.700000	0.800000	40.000000	45.000000	0.989134	0.001501	0.001501
0.700000	0.800000	45.000000	50.000000	0.989411	0.001875	0.001875
0.700000	0.800000	50.000000	60.000000	0.989707	0.002917	0.002917
0.700000	0.800000	60.000000	70.000000	0.991257	0.005674	0.005674
0.700000	0.800000	70.000000	100.000000	0.975020	0.013647	0.013647
0.700000	0.800000	100.000000	500.000000	0.977831	0.007898	0.007898
0.800000	0.900000	10.000000	12.000000	2.261635	0.825943	0.825943
0.800000	0.900000	12.000000	15.000000	1.038235	0.078604	0.078604
0.800000	0.900000	15.000000	18.000000	1.030357	0.015230	0.015230
0.800000	0.900000	18.000000	20.000000	0.993376	0.020641	0.020641
0.800000	0.900000	20.000000	25.000000	1.003976	0.008363	0.008363
0.800000	0.900000	25.000000	30.000000	0.992744	0.004973	0.004973
0.800000	0.900000	30.000000	35.000000	0.997690	0.003139	0.003139
0.800000	0.900000	35.000000	40.000000	0.992605	0.003000	0.003000
0.800000	0.900000	40.000000	45.000000	0.993279	0.002315	0.002315
0.800000	0.900000	45.000000	50.000000	0.992458	0.002778	0.002778
0.800000	0.900000	50.000000	60.000000	0.989571	0.004465	0.004465
0.800000	0.900000	60.000000	70.000000	0.992743	0.005679	0.005679
0.800000	0.900000	70.000000	100.000000	0.990527	0.007924	0.007924
0.800000	0.900000	100.000000	500.000000	0.999601	0.007115	0.007115
0.900000	1.000000	10.000000	12.000000	2.549000	2.495178	2.495178
0.900000	1.000000	12.000000	15.000000	1.070922	0.050660	0.050660
0.900000	1.000000	15.000000	18.000000	0.976440	0.023371	0.023371
0.900000	1.000000	18.000000	20.000000	1.004886	0.027392	0.027392
0.900000	1.000000	20.000000	25.000000	0.997259	0.007255	0.007255
0.900000	1.000000	25.000000	30.000000	0.998002	0.006620	0.006620
0.900000	1.000000	30.000000	35.000000	0.996153	0.002779	0.002779
0.900000	1.000000	35.000000	40.000000	0.992556	0.002698	0.002698
0.900000	1.000000	40.000000	45.000000	0.991880	0.001656	0.001656
0.900000	1.000000	45.000000	50.000000	0.992188	0.001995	0.001995
0.900000	1.000000	50.000000	60.000000	0.991923	0.003828	0.003828
0.900000	1.000000	60.000000	70.000000	0.987942	0.006579	0.006579
0.900000	1.000000	70.000000	100.000000	0.992821	0.007750	0.007750
0.900000	1.000000	100.000000	500.000000	0.982473	0.007117	0.007117
1.000000	1.100000	10.000000	12.000000	1.933305	2.100848	2.100848
1.000000	1.100000	12.000000	15.000000	1.057532	0.056053	0.056053
1.000000	1.100000	15.000000	18.000000	1.032130	0.018149	0.018149
1.000000	1.100000	18.000000	20.000000	0.981197	0.014187	0.014187
1.000000	1.100000	20.000000	25.000000	0.999981	0.014821	0.014821
1.000000	1.100000	25.000000	30.000000	1.000922	0.006898	0.006898
1.000000	1.100000	30.000000	35.000000	1.000622	0.005572	0.005572
1.000000	1.100000	35.000000	40.000000	0.997472	0.003004	0.003004
1.000000	1.100000	40.000000	45.000000	0.992828	0.002153	0.002153
1.000000	1.100000	45.000000	50.000000	0.993001	0.002871	0.002871
1.000000	1.100000	50.000000	60.000000	0.995778	0.002665	0.002665
1.000000	1.100000	60.000000	70.000000	0.995294	0.003977	0.003977
1.000000	1.100000	70.000000	100.000000	0.996574	0.004334	0.004334
1.000000	1.100000	100.000000	500.000000	0.979443	0.010765	0.010765
1.100000	1.200000	10.000000	12.000000	2.202377	1.076008	1.076008
1.100000	1.200000	12.000000	15.000000	1.046821	0.111021	0.111021
1.100000	1.200000	15.000000	18.000000	0.950136	0.053597	0.053597
1.100000	1.200000	18.000000	20.000000	0.991408	0.014647	0.014647
1.100000	1.200000	20.000000	25.000000	1.006145	0.013234	0.013234
1.100000	1.200000	25.000000	30.000000	1.001548	0.007489	0.007489
1.100000	1.200000	30.000000	35.000000	1.000533	0.004654	0.004654
1.100000	1.200000	35.000000	40.000000	1.001288	0.002735	0.002735
1.100000	1.200000	40.000000	45.000000	0.999038	0.002020	0.002020
1.100000	1.200000	45.000000	50.000000	0.996299	0.002105	0.002105
1.100000	1.200000	50.000000	60.000000	0.994614	0.005528	0.005528
1.100000	1.200000	60.000000	70.000000	0.996706	0.009920	0.009920
1.100000	1.200000	70.000000	100.000000	0.995381	0.005604	0.005604
1.100000	1.200000	100.000000	500.000000	0.992619	0.006100	0.006100
1.200000	1.300000	10.000000	12.000000	6.310824	5.848181	5.848181
1.200000	1.300000	12.000000	15.000000	1.017122	0.074454	0.074454
1.200000	1.300000	15.000000	18.000000	0.995160	0.034169	0.034169
1.200000	1.300000	18.000000	20.000000	1.016824	0.036197	0.036197
1.200000	1.300000	20.000000	25.000000	1.027941	0.019727	0.019727
1.200000	1.300000	25.000000	30.000000	1.011251	0.008009	0.008009
1.200000	1.300000	30.000000	35.000000	1.008068	0.003610	0.003610
1.200000	1.300000	35.000000	40.000000	1.003461	0.005088	0.005088
1.200000	1.300000	40.000000	45.000000	1.003110	0.002719	0.002719
1.200000	1.300000	45.000000	50.000000	1.000799	0.003162	0.003162
1.200000	1.300000	50.000000	60.000000	0.998900	0.004230	0.004230
1.200000	1.300000	60.000000	70.000000	0.998739	0.005718	0.005718
1.200000	1.300000	70.000000	100.000000	0.989648	0.009766	0.009766
1.200000	1.300000	100.000000	500.000000	0.998484	0.006020	0.006020
1.300000	1.400000	10.000000	12.000000	3.658016	2.911001	2.911001
1.300000	1.400000	12.000000	15.000000	1.182762	0.099239	0.099239
1.300000	1.400000	15.000000	18.000000	1.007855	0.040318	0.040318
1.300000	1.400000	18.000000	20.000000	1.010232	0.044075	0.044075
1.300000	1.400000	20.000000	25.000000	1.000396	0.015471	0.015471
1.300000	1.400000	25.000000	30.000000	1.006552	0.005948	0.005948
1.300000	1.400000	30.000000	35.000000	1.001941	0.004782	0.004782
1.300000	1.400000	35.000000	40.000000	1.000636	0.003065	0.003065
1.300000	1.400000	40.000000	45.000000	1.002084	0.002601	0.002601
1.300000	1.400000	45.000000	50.000000	1.001143	0.001930	0.001930
1.300000	1.400000	50.000000	60.000000	0.997531	0.004575	0.004575
1.300000	1.400000	60.000000	70.000000	0.998406	0.006096	0.006096
1.300000	1.400000	70.000000	100.000000	1.000887	0.005484	0.005484
1.300000	1.400000	100.000000	500.000000	1.005314	0.004955	0.004955
1.400000	1.500000	10.000000	12.000000	9.906282	17.594603	17.594603
1.400000	1.500000	12.000000	15.000000	1.167804	0.149894	0.149894
1.400000	1.500000	15.000000	18.000000	1.036545	0.041323	0.041323
1.400000	1.500000	18.000000	20.000000	0.975245	0.038118	0.038118
1.400000	1.500000	20.000000	25.000000	1.016925	0.014029	0.014029
1.400000	1.500000	25.000000	30.000000	1.001852	0.010911	0.010911
1.400000	1.500000	30.000000	35.000000	1.006464	0.005854	0.005854
1.400000	1.500000	35.000000	40.000000	0.994999	0.010691	0.010691
1.400000	1.500000	40.000000	45.000000	0.999238	0.005312	0.005312
1.400000	1.500000	45.000000	50.000000	0.999445	0.003753	0.003753
1.400000	1.500000	50.000000	60.000000	1.001265	0.006897	0.006897
1.400000	1.500000	60.000000	70.000000	0.998514	0.008633	0.008633
1.400000	1.500000	70.000000	100.000000	0.966358	0.011702	0.011702
1.400000	1.500000	100.000000	500.000000	0.962557	0.017445	0.017445
1.500000	1.600000	10.000000	12.000000	0.696260	0.617525	0.617525
1.500000	1.600000	12.000000	15.000000	0.668503	0.088232	0.088232
1.500000	1.600000	15.000000	18.000000	0.891938	0.056011	0.056011
1.500000	1.600000	18.000000	20.000000	0.896357	0.062780	0.062780
1.500000	1.600000	20.000000	25.000000	1.002917	0.027971	0.027971
1.500000	1.600000	25.000000	30.000000	0.993825	0.012904	0.012904
1.500000	1.600000	30.000000	35.000000	0.991336	0.015030	0.015030
1.500000	1.600000	35.000000	40.000000	0.991684	0.007781	0.007781
1.500000	1.600000	40.000000	45.000000	0.999380	0.004429	0.004429
1.500000	1.600000	45.000000	50.000000	0.995944	0.005556	0.005556
1.500000	1.600000	50.000000	60.000000	0.992833	0.005610	0.005610
1.500000	1.600000	60.000000	70.000000	0.995129	0.005410	0.005410
1.500000	1.600000	70.000000	100.000000	0.999500	0.006009	0.006009
1.500000	1.600000	100.000000	500.000000	0.992129	0.012373	0.012373
1.600000	1.700000	10.000000	12.000000	0.860788	0.625638	0.625638
1.600000	1.700000	12.000000	15.000000	0.860190	0.124175	0.124175
1.600000	1.700000	15.000000	18.000000	0.863917	0.039193	0.039193
1.600000	1.700000	18.000000	20.000000	0.978268	0.060882	0.060882
1.600000	1.700000	20.000000	25.000000	0.992652	0.011481	0.011481
1.600000	1.700000	25.000000	30.000000	0.992958	0.005981	0.005981
1.600000	1.700000	30.000000	35.000000	1.003428	0.005214	0.005214
1.600000	1.700000	35.000000	40.000000	1.000467	0.002066	0.002066
1.600000	1.700000	40.000000	45.000000	0.998362	0.002198	0.002198
1.600000	1.700000	45.000000	50.000000	0.997877	0.002180	0.002180
1.600000	1.700000	50.000000	60.000000	0.996957	0.001774	0.001774
1.600000	1.700000	60.000000	70.000000	0.998952	0.003953	0.003953
1.600000	1.700000	70.000000	100.000000	0.999960	0.002902	0.002902
1.600000	1.700000	100.000000	500.000000	0.994017	0.006189	0.006189
1.700000	1.800000	10.000000	12.000000	0.750544	0.960545	0.960545
1.700000	1.800000	12.000000	15.000000	0.800263	0.115435	0.115435
1.700000	1.800000	15.000000	18.000000	0.841164	0.028736	0.028736
1.700000	1.800000	18.000000	20.000000	0.937645	0.032852	0.032852
1.700000	1.800000	20.000000	25.000000	0.997502	0.016400	0.016400
1.700000	1.800000	25.000000	30.000000	1.001832	0.010155	0.010155
1.700000	1.800000	30.000000	35.000000	0.999471	0.003995	0.003995
1.700000	1.800000	35.000000	40.000000	1.005417	0.003360	0.003360
1.700000	1.800000	40.000000	45.000000	0.998396	0.001456	0.001456
1.700000	1.800000	45.000000	50.000000	0.994843	0.002369	0.002369
1.700000	1.800000	50.000000	60.000000	0.997795	0.002999	0.002999
1.700000	1.800000	60.000000	70.000000	0.999007	0.005872	0.005872
1.700000	1.800000	70.000000	100.000000	0.998512	0.005585	0.005585
1.700000	1.800000	100.000000	500.000000	0.999413	0.007555	0.007555
1.800000	1.900000	10.000000	12.000000	0.842669	0.549738	0.549738
1.800000	1.900000	12.000000	15.000000	0.691612	0.120576	0.120576
1.800000	1.900000	15.000000	18.000000	0.889281	0.058197	0.058197
1.800000	1.900000	18.000000	20.000000	0.934044	0.036744	0.036744
1.800000	1.900000	20.000000	25.000000	0.982172	0.008535	0.008535
1.800000	1.900000	25.000000	30.000000	0.990895	0.007953	0.007953
1.800000	1.900000	30.000000	35.000000	0.990227	0.002863	0.002863
1.800000	1.900000	35.000000	40.000000	0.995211	0.004686	0.004686
1.800000	1.900000	40.000000	45.000000	0.990808	0.002024	0.002024
1.800000	1.900000	45.000000	50.000000	0.990954	0.002620	0.002620
1.800000	1.900000	50.000000	60.000000	0.992065	0.003760	0.003760
1.800000	1.900000	60.000000	70.000000	0.989927	0.005306	0.005306
1.800000	1.900000	70.000000	100.000000	0.996860	0.004821	0.004821
1.800000	1.900000	100.000000	500.000000	0.996117	0.005295	0.005295
1.900000	2.000000	10.000000	12.000000	0.472770	0.982953	0.982953
1.900000	2.000000	12.000000	15.000000	0.740084	0.068131	0.068131
1.900000	2.000000	15.000000	18.000000	0.894573	0.034076	0.034076
1.900000	2.000000	18.000000	20.000000	0.934370	0.049670	0.049670
1.900000	2.000000	20.000000	25.000000	0.980673	0.013190	0.013190
1.900000	2.000000	25.000000	30.000000	0.992713	0.006852	0.006852
1.900000	2.000000	30.000000	35.000000	0.997557	0.003864	0.003864
1.900000	2.000000	35.000000	40.000000	0.996530	0.002582	0.002582
1.900000	2.000000	40.000000	45.000000	1.000137	0.001795	0.001795
1.900000	2.000000	45.000000	50.000000	0.997835	0.002401	0.002401
1.900000	2.000000	50.000000	60.000000	0.995874	0.004134	0.004134
1.900000	2.000000	60.000000	70.000000	1.004870	0.007326	0.007326
1.900000	2.000000	70.000000	100.000000	0.992779	0.006497	0.006497
1.900000	2.000000	100.000000	500.000000	0.998714	0.006655	0.006655
2.000000	2.100000	10.000000	12.000000	0.168658	0.117836	0.117836
2.000000	2.100000	12.000000	15.000000	0.667784	0.074330	0.074330
2.000000	2.100000	15.000000	18.000000	0.896713	0.064315	0.064315
2.000000	2.100000	18.000000	20.000000	0.948156	0.038528	0.038528
2.000000	2.100000	20.000000	25.000000	0.990947	0.012943	0.012943
2.000000	2.100000	25.000000	30.000000	0.990887	0.011252	0.011252
2.000000	2.100000	30.000000	35.000000	0.997506	0.005190	0.005190
2.000000	2.100000	35.000000	40.000000	1.001230	0.003877	0.003877
2.000000	2.100000	40.000000	45.000000	1.001031	0.001850	0.001850
2.000000	2.100000	45.000000	50.000000	0.997309	0.001923	0.001923
2.000000	2.100000	50.000000	60.000000	0.999426	0.002711	0.002711
2.000000	2.100000	60.000000	70.000000	0.998390	0.004214	0.004214
2.000000	2.100000	70.000000	100.000000	0.999021	0.005418	0.005418
2.000000	2.100000	100.000000	500.000000	1.004275	0.005250	0.005250
2.100000	2.200000	10.000000	12.000000	0.135696	0.082140	0.082140
2.100000	2.200000	12.000000	15.000000	0.676524	0.051134	0.051134
2.100000	2.200000	15.000000	18.000000	0.825258	0.028560	0.028560
2.100000	2.200000	18.000000	20.000000	0.908692	0.036874	0.036874
2.100000	2.200000	20.000000	25.000000	0.955305	0.015215	0.015215
2.100000	2.200000	25.000000	30.000000	0.967829	0.012466	0.012466
2.100000	2.200000	30.000000	35.000000	0.971617	0.009220	0.009220
2.100000	2.200000	35.000000	40.000000	0.999748	0.003087	0.003087
2.100000	2.200000	40.000000	45.000000	0.997824	0.004338	0.004338
2.100000	2.200000	45.000000	50.000000	0.993903	0.003671	0.003671
2.100000	2.200000	50.000000	60.000000	0.993489	0.003813	0.003813
2.100000	2.200000	60.000000	70.000000	0.987935	0.010144	0.010144
2.100000	2.200000	70.000000	100.000000	0.994700	0.006319	0.006319
2.100000	2.200000	100.000000	500.000000	0.996208	0.010396	0.010396
2.200000	2.300000	10.000000	12.000000	0.141532	0.072482	0.072482
2.200000	2.300000	12.000000	15.000000	0.512189	0.046306	0.046306
2.200000	2.300000	15.000000	18.000000	0.810413	0.045653	0.045653
2.200000	2.300000	18.000000	20.000000	0.876807	0.033213	0.033213
2.200000	2.300000	20.000000	25.000000	0.906894	0.015610	0.015610
2.200000	2.300000	25.000000	30.000000	0.942604	0.010357	0.010357
2.200000	2.300000	30.000000	35.000000	0.969828	0.005138	0.005138
2.200000	2.300000	35.000000	40.000000	0.991120	0.006936	0.006936
2.200000	2.300000	40.000000	45.000000	0.994710	0.003044	0.003044
2.200000	2.300000	45.000000	50.000000	0.988095	0.004363	0.004363
2.200000	2.300000	50.000000	60.000000	0.989584	0.003323	0.003323
2.200000	2.300000	60.000000	70.000000	0.991581	0.007646	0.007646
2.200000	2.300000	70.000000	100.000000	0.993985	0.004901	0.004901
2.200000	2.300000	100.000000	500.000000	1.000518	0.009693	0.009693
2.300000	2.400000	10.000000	12.000000	0.104202	0.087498	0.087498
2.300000	2.400000	12.000000	15.000000	0.492435	0.065979	0.065979
2.300000	2.400000	15.000000	18.000000	0.699813	0.040130	0.040130
2.300000	2.400000	18.000000	20.000000	0.763077	0.069138	0.069138
2.300000	2.400000	20.000000	25.000000	0.781214	0.031596	0.031596
2.300000	2.400000	25.000000	30.000000	0.862287	0.017606	0.017606
2.300000	2.400000	30.000000	35.000000	0.941508	0.012893	0.012893
2.300000	2.400000	35.000000	40.000000	0.982649	0.005217	0.005217
2.300000	2.400000	40.000000	45.000000	0.997807	0.005102	0.005102
2.300000	2.400000	45.000000	50.000000	1.004505	0.005062	0.005062
2.300000	2.400000	50.000000	60.000000	0.988797	0.004949	0.004949
2.300000	2.400000	60.000000	70.000000	0.989355	0.007084	0.007084
2.300000	2.400000	70.000000	100.000000	0.990654	0.008124	0.008124
2.300000	2.400000	100.000000	500.000000	1.005793	0.012308	0.012308
2.400000	2.500000	10.000000	12.000000	0.000000	0.000000	0.000000
2.400000	2.500000	12.000000	15.000000	0.420280	0.060737	0.060737
2.400000	2.500000	15.000000	18.000000	0.696352	0.052954	0.052954
2.400000	2.500000	18.000000	20.000000	0.646698	0.095115	0.095115
2.400000	2.500000	20.000000	25.000000	0.751203	0.036719	0.036719
2.400000	2.500000	25.000000	30.000000	0.852468	0.018750	0.018750
2.400000	2.500000	30.000000	35.000000	0.892368	0.012316	0.012316
2.400000	2.500000	35.000000	40.000000	0.924090	0.012393	0.012393
2.400000	2.500000	40.000000	45.000000	0.937286	0.007189	0.007189
2.400000	2.500000	45.000000	50.000000	0.941362	0.009156	0.009156
2.400000	2.500000	50.000000	60.000000	0.953302	0.014119	0.014119
2.400000	2.500000	60.000000	70.000000	0.953284	0.017132	0.017132
2.400000	2.500000	70.000000	100.000000	0.985403	0.015231	0.015231
2.400000	2.500000	100.000000	500.000000	0.974601	0.031050	0.031050
