0   0.9   15   20   0.991589   0.000801447   0.000854481 
0   0.9   20   25   0.993388   0.000440547   0.000211007 
0   0.9   25   30   0.992506   0.000272834   0.000367411 
0   0.9   30   40   0.992331   0.000123451   0.000122539 
0   0.9   40   50   0.991945   0.000109347   0.000274721 
0   0.9   50   60   0.991508   0.0002389   0.000895802 
0   0.9   60   120   0.991008   0.000368361   0.00032156 
0.9   1.2   15   20   0.984326   0.00113076   0.000658171 
0.9   1.2   20   25   0.98319   0.000675447   0.000750108 
0.9   1.2   25   30   0.983077   0.000441498   0.00101244 
0.9   1.2   30   40   0.984365   0.000208066   0.000169601 
0.9   1.2   40   50   0.983995   0.00017131   0.000333954 
0.9   1.2   50   60   0.983168   0.000406705   0.000826859 
0.9   1.2   60   120   0.982338   0.000635134   0.000385008 
1.2   2.1   15   20   0.990018   0.000420185   0.000830622 
1.2   2.1   20   25   0.989997   0.000263423   0.000611263 
1.2   2.1   25   30   0.989815   0.000181013   0.000417834 
1.2   2.1   30   40   0.989995   9.54577e-05   0.000323069 
1.2   2.1   40   50   0.990391   7.51813e-05   0.000310461 
1.2   2.1   50   60   0.989741   0.000200356   0.00103815 
1.2   2.1   60   120   0.988668   0.000328701   0.00111762 
2.1   2.4   15   20   0.974971   0.00105919   0.00269414 
2.1   2.4   20   25   0.972388   0.000737091   0.00185032 
2.1   2.4   25   30   0.973056   0.000543733   0.000442656 
2.1   2.4   30   40   0.9718   0.000310538   0.000596247 
2.1   2.4   40   50   0.972272   0.000350391   0.00100499 
2.1   2.4   50   60   0.968298   0.000781427   0.0033169 
2.1   2.4   60   120   0.965983   0.00137801   0.00579604 
