0   0.9   26   30   0.92087   0.000344395   0.000716391 
0   0.9   30   40   0.941837   0.000131745   8.04374e-05 
0   0.9   40   50   0.954039   0.00010825   1.3997e-05 
0   0.9   50   60   0.958007   0.000224632   1.6252e-05 
0   0.9   60   120   0.960218   0.000311307   4.16217e-05 
0   0.9   120   200   0.957522   0.00144211   5.60742e-05 
0.9   1.2   26   30   0.899926   0.000759401   0.000691756 
0.9   1.2   30   40   0.939806   0.000258566   0.00011519 
0.9   1.2   40   50   0.958317   0.00018544   2.2074e-05 
0.9   1.2   50   60   0.965129   0.000367093   9.00549e-06 
0.9   1.2   60   120   0.967834   0.000506985   5.68216e-05 
0.9   1.2   120   200   0.96638   0.00234196   0.000123316 
1.2   2.1   26   30   0.841412   0.000562744   0.00104955 
1.2   2.1   30   40   0.87534   0.00023553   0.000184266 
1.2   2.1   40   50   0.898271   0.000182037   1.92136e-05 
1.2   2.1   50   60   0.906098   0.000378484   3.34925e-05 
1.2   2.1   60   120   0.912715   0.000534073   2.42648e-05 
1.2   2.1   120   200   0.911617   0.00251257   9.91654e-05 
2.1   2.4   26   30   0.726389   0.00132994   0.000967552 
2.1   2.4   30   40   0.781463   0.000598805   0.000234436 
2.1   2.4   40   50   0.811305   0.00054062   3.39726e-05 
2.1   2.4   50   60   0.820311   0.00113229   6.40059e-05 
2.1   2.4   60   120   0.828607   0.00166582   0.000234651 
2.1   2.4   120   200   0.827026   0.00835436   0.000905239 
0   0.9   0   26   0   0   0
0.9   1.2   0   26   0   0   0
1.2   2.1   0   26   0   0   0
2.1   2.4   0   26   0   0   0
