0   0.9   15   20   0.985735   0.0026152   0.0127988 
0   0.9   20   25   0.991155   0.00131458   0.0114571 
0   0.9   25   30   0.989432   0.000682999   0.00729021 
0   0.9   30   40   0.994321   0.000214504   0.00128813 
0   0.9   40   50   0.996117   0.000119771   0.000126822 
0   0.9   50   60   0.996695   0.000181129   0.000813375 
0   0.9   60   120   0.998273   0.000261357   0.000215964 
0.9   1.2   15   20   0.969512   0.00387223   0.0104116 
0.9   1.2   20   25   0.980154   0.00219626   0.00913652 
0.9   1.2   25   30   0.986884   0.00122647   0.00698586 
0.9   1.2   30   40   0.988747   0.000404133   0.00143988 
0.9   1.2   40   50   0.992401   0.000227024   0.000178439 
0.9   1.2   50   60   0.994958   0.000394681   0.000441116 
0.9   1.2   60   120   0.996685   0.000480796   0.0013018 
1.2   2.1   15   20   1.00385   0.00167367   0.00528885 
1.2   2.1   20   25   1.00134   0.0010132   0.00540673 
1.2   2.1   25   30   0.999718   0.000578218   0.00391089 
1.2   2.1   30   40   0.999499   0.000211939   0.000532851 
1.2   2.1   40   50   0.998858   0.000129397   9.0576e-05 
1.2   2.1   50   60   0.999232   0.000228669   0.000557482 
1.2   2.1   60   120   0.999667   0.000306516   0.000220203 
2.1   2.4   15   20   1.02651   0.00289761   0.00269902 
2.1   2.4   20   25   1.01993   0.0016898   0.0026628 
2.1   2.4   25   30   1.01248   0.000978338   0.00176423 
2.1   2.4   30   40   1.00832   0.000406539   0.00049113 
2.1   2.4   40   50   1.0038   0.000286328   0.000138678 
2.1   2.4   50   60   1.00285   0.000513206   0.000429648 
2.1   2.4   60   120   1.00364   0.000740262   0.00150915 
