0   0.9   26   30   0.896675   0.000210262   0.00281878 
0   0.9   30   40   0.922602   8.04193e-05   0.000329653 
0   0.9   40   50   0.934942   7.14974e-05   0.000243534 
0   0.9   50   60   0.938554   0.000139057   8.85935e-05 
0   0.9   60   120   0.938563   0.000188597   0.00100921 
0   0.9   120   200   0.932566   0.000872147   0.000460958 
0.9   1.2   26   30   0.864542   0.000473382   0.00111684 
0.9   1.2   30   40   0.913211   0.00016915   0.000359705 
0.9   1.2   40   50   0.933687   0.000130392   0.000104206 
0.9   1.2   50   60   0.939695   0.000247029   7.46091e-05 
0.9   1.2   60   120   0.938859   0.000203306   0.000776402 
0.9   1.2   120   200   0.930764   0.00160681   0.00195272 
1.2   2.1   26   30   0.848553   0.000303723   0.001995 
1.2   2.1   30   40   0.882093   0.000124795   0.000695043 
1.2   2.1   40   50   0.903762   0.000100343   9.34179e-05 
1.2   2.1   50   60   0.910797   0.000190412   0.000437077 
1.2   2.1   60   120   0.914425   0.00025784   0.000224407 
1.2   2.1   120   200   0.915417   0.00118461   0.00143552 
2.1   2.4   26   30   0.709106   0.000772152   0.00146813 
2.1   2.4   30   40   0.780398   0.000344962   0.000575231 
2.1   2.4   40   50   0.819392   0.000310731   9.05342e-05 
2.1   2.4   50   60   0.831341   0.000540945   0.000448746 
2.1   2.4   60   120   0.839196   0.000806814   0.000729451 
2.1   2.4   120   200   0.848079   0.00394006   0.00914104 
0   0.9   0   26   0   0   0
0.9   1.2   0   26   0   0   0
1.2   2.1   0   26   0   0   0
2.1   2.4   0   26   0   0   0
