0   0.9   0   0.9   0.988428   0.00474423   0.00432022 
0   0.9   0.9   1.2   0.985441   0.00847835   0.00225769 
0   0.9   1.2   2.1   0.985619   0.00605917   0.00286372 
0   0.9   2.1   2.4   0.983803   0.0154947   0.00227325 
0.9   1.2   0   0.9   0.97921   0.0085359   0.000291929 
0.9   1.2   0.9   1.2   0.961169   0.0112309   0.00181833 
0.9   1.2   1.2   2.1   0.983295   0.0102099   0.00534447 
0.9   1.2   2.1   2.4   0.998899   0.0183898   0.0011539 
1.2   2.1   0   0.9   0.990799   0.00673691   0.000771455 
1.2   2.1   0.9   1.2   1.00088   0.0105527   0.00470589 
1.2   2.1   1.2   2.1   0.997981   0.00578742   0.000280267 
1.2   2.1   2.1   2.4   1.00266   0.0102789   0.00139681 
2.1   2.4   0   0.9   0.997647   0.0280663   0.00215317 
2.1   2.4   0.9   1.2   0.973958   0.0438093   0.015858 
2.1   2.4   1.2   2.1   0.996431   0.0179074   0.00176299 
2.1   2.4   2.1   2.4   0.981412   0.033296   0.0185404 
