-2.91667   -2.5   -100   20   0   0   0
-2.91667   -2.5   20   45   0   0   0
-2.91667   -2.5   45   75   0   0   0
-2.91667   -2.5   75   100   0   0   0
-2.91667   -2.5   100   500   0   0   0
-2.5   -2   -100   20   0   0   0
-2.5   -2   20   45   1.03179   0.00356965   0.00356965
-2.5   -2   45   75   1.01703   0.00344904   0.00344904
-2.5   -2   75   100   0.981342   0.0186584   0.0186584
-2.5   -2   100   500   0.992601   0.0179257   0.0179257
-2   -1.566   -100   20   0   0   0
-2   -1.566   20   45   0.989166   0.00352695   0.00352695
-2   -1.566   45   75   0.987837   0.00178931   0.00178931
-2   -1.566   75   100   0.951967   0.0213119   0.0213119
-2   -1.566   100   500   0.986569   0.0103666   0.0103666
-1.566   -1.444   -100   20   0   0   0
-1.566   -1.444   20   45   0.963328   0.026133   0.026133
-1.566   -1.444   45   75   0.955834   0.00381748   0.00381748
-1.566   -1.444   75   100   0.9687   0.0225571   0.0225571
-1.566   -1.444   100   500   0.966564   0.0323346   0.0323346
-1.444   -1   -100   20   0   0   0
-1.444   -1   20   45   0.98502   0.0026216   0.0026216
-1.444   -1   45   75   0.985122   0.00161258   0.00161258
-1.444   -1   75   100   0.971402   0.0103428   0.0103428
-1.444   -1   100   500   0.983684   0.00825136   0.00825136
-1   -0.5   -100   20   0   0   0
-1   -0.5   20   45   0.983899   0.00177101   0.00177101
-1   -0.5   45   75   0.983694   0.00209295   0.00209295
-1   -0.5   75   100   0.958348   0.0183493   0.0183493
-1   -0.5   100   500   0.984632   0.00629536   0.00629536
-0.5   0   -100   20   0   0   0
-0.5   0   20   45   0.981354   0.00223533   0.00223533
-0.5   0   45   75   0.98398   0.0017638   0.0017638
-0.5   0   75   100   0.962475   0.0141988   0.0141988
-0.5   0   100   500   0.980018   0.00685084   0.00685084
0   0.5   -100   20   0   0   0
0   0.5   20   45   0.981354   0.00223533   0.00223533
0   0.5   45   75   0.982961   0.0017638   0.0017638
0   0.5   75   100   0.962475   0.0141988   0.0141988
0   0.5   100   500   0.980018   0.00685084   0.00685084
0.5   1   -100   20   0   0   0
0.5   1   20   45   0.983929   0.00177101   0.00177101
0.5   1   45   75   0.984709   0.00209295   0.00209295
0.5   1   75   100   0.958348   0.0183493   0.0183493
0.5   1   100   500   0.984632   0.00629536   0.00629536
1   1.444   -100   20   0   0   0
1   1.444   20   45   0.981978   0.0026216   0.0026216
1   1.444   45   75   0.984116   0.00161258   0.00161258
1   1.444   75   100   0.971402   0.0103428   0.0103428
1   1.444   100   500   0.983684   0.00825136   0.00825136
1.444   1.566   -100   20   0   0   0
1.444   1.566   20   45   0.950254   0.026133   0.026133
1.444   1.566   45   75   0.955088   0.00387489   0.00387489
1.444   1.566   75   100   0.9687   0.0225571   0.0225571
1.444   1.566   100   500   0.966564   0.0323346   0.0323346
1.566   2   -100   20   0   0   0
1.566   2   20   45   0.985074   0.00352695   0.00352695
1.566   2   45   75   0.986894   0.00178931   0.00178931
1.566   2   75   100   0.951967   0.0213119   0.0213119
1.566   2   100   500   0.986569   0.0103666   0.0103666
2   2.5   -100   20   0   0   0
2   2.5   20   45   0.987847   0.00356965   0.00356965
2   2.5   45   75   0.988139   0.00344904   0.00344904
2   2.5   75   100   0.981342   0.0186584   0.0186584
2   2.5   100   500   0.992601   0.0179257   0.0179257
