-3   -2.5   -71.6667   10   0   0   0
-3   -2.5   10   20   0   0   0
-3   -2.5   20   35   0   0   0
-3   -2.5   35   50   0   0   0
-3   -2.5   50   100   0   0   0
-3   -2.5   100   200   0   0   0
-3   -2.5   200   500   0   0   0
-2.5   -2   -71.6667   10   0   0   0
-2.5   -2   10   20   1.06415   0.0212613   0.0212613
-2.5   -2   20   35   1.01158   0.0195995   0.0195995
-2.5   -2   35   50   1   0.00348639   0.00348639
-2.5   -2   50   100   0.998812   0.00705333   0.00705333
-2.5   -2   100   200   0.996644   0.0211959   0.0211959
-2.5   -2   200   500   1.0817   0.0724939   0.0724939
-2   -1.566   -71.6667   10   0   0   0
-2   -1.566   10   20   1.03692   0.019674   0.019674
-2   -1.566   20   35   0.986859   0.0114821   0.0114821
-2   -1.566   35   50   0.992982   0.00234192   0.00234192
-2   -1.566   50   100   0.993228   0.00445362   0.00445362
-2   -1.566   100   200   1.0044   0.0140895   0.0140895
-2   -1.566   200   500   1.00656   0.0400586   0.0400586
-1.566   -1.444   -71.6667   10   0   0   0
-1.566   -1.444   10   20   1   1   1
-1.566   -1.444   20   35   1   1   1
-1.566   -1.444   35   50   1   1   1
-1.566   -1.444   50   100   1   1   1
-1.566   -1.444   100   200   1   1   1
-1.566   -1.444   200   500   1   1   1
-1.444   -0.8   -71.6667   10   0   0   0
-1.444   -0.8   10   20   1.03717   0.0320655   0.0320655
-1.444   -0.8   20   35   0.986092   0.0161446   0.0161446
-1.444   -0.8   35   50   0.979976   0.00349444   0.00349444
-1.444   -0.8   50   100   0.979707   0.00344818   0.00344818
-1.444   -0.8   100   200   1.01205   0.0124228   0.0124228
-1.444   -0.8   200   500   1.00971   0.023564   0.023564
-0.8   0   -71.6667   10   0   0   0
-0.8   0   10   20   0.990809   0.0201448   0.0201448
-0.8   0   20   35   0.964722   0.0129175   0.0129175
-0.8   0   35   50   0.969838   0.00265657   0.00265657
-0.8   0   50   100   0.972129   0.00537251   0.00537251
-0.8   0   100   200   0.993514   0.00741553   0.00741553
-0.8   0   200   500   1.01537   0.0247867   0.0247867
0   0.8   -71.6667   10   0   0   0
0   0.8   10   20   1.01264   0.0202424   0.0202424
0   0.8   20   35   0.973046   0.0129175   0.0129175
0   0.8   35   50   0.976825   0.00265657   0.00265657
0   0.8   50   100   0.978842   0.00537251   0.00537251
0   0.8   100   200   0.996753   0.00741553   0.00741553
0   0.8   200   500   1.00871   0.0245975   0.0245975
0.8   1.444   -71.6667   10   0   0   0
0.8   1.444   10   20   1.0056   0.0320655   0.0320655
0.8   1.444   20   35   0.992968   0.0161446   0.0161446
0.8   1.444   35   50   0.983412   0.00349444   0.00349444
0.8   1.444   50   100   0.983012   0.0035732   0.0035732
0.8   1.444   100   200   1.01206   0.0124228   0.0124228
0.8   1.444   200   500   1.01601   0.0237752   0.0237752
1.444   1.566   -71.6667   10   0   0   0
1.444   1.566   10   20   1   1   1
1.444   1.566   20   35   1   1   1
1.444   1.566   35   50   1   1   1
1.444   1.566   50   100   1   1   1
1.444   1.566   100   200   1   1   1
1.444   1.566   200   500   1   1   1
1.566   2   -71.6667   10   0   0   0
1.566   2   10   20   1.03673   0.019674   0.019674
1.566   2   20   35   0.990728   0.0114821   0.0114821
1.566   2   35   50   0.990621   0.00234192   0.00234192
1.566   2   50   100   0.995465   0.00445362   0.00445362
1.566   2   100   200   1.00329   0.0140895   0.0140895
1.566   2   200   500   0.990395   0.0388866   0.0388866
2   2.5   -71.6667   10   0   0   0
2   2.5   10   20   1.11742   0.0212613   0.0212613
2   2.5   20   35   0.997126   0.0195995   0.0195995
2   2.5   35   50   1.01126   0.00348639   0.00348639
2   2.5   50   100   1.00356   0.00712166   0.00712166
2   2.5   100   200   1.00558   0.0208508   0.0208508
2   2.5   200   500   1.02416   0.0657558   0.0657558
