-3   -2.5   0   10   0   0   0
-3   -2.5   10   20   0   0   0
-2.91667   -2.5   20   45   0   0   0
-2.91667   -2.5   45   75   0   0   0
-2.91667   -2.5   75   100   0   0   0
-2.91667   -2.5   100   500   0   0   0
-2.5   -2   0   10   0   0   0
-2.5   -2   10   20   1.01368   0.0131052   0.0131052
-2.5   -2   20   45   0.981462   0.00451155   0.00451155
-2.5   -2   45   75   0.983623   0.0034278   0.0034278
-2.5   -2   75   100   0.976434   0.020234   0.020234
-2.5   -2   100   500   0.978831   0.0119276   0.0119276
-2   -1.566   0   10   0   0   0
-2   -1.566   10   20   1.01262   0.0163579   0.0163579
-2   -1.566   20   45   0.986653   0.00576823   0.00576823
-2   -1.566   45   75   0.986735   0.00388957   0.00388957
-2   -1.566   75   100   1.00409   0.0128657   0.0128657
-2   -1.566   100   500   0.98783   0.00772391   0.00772391
-1.566   -1.444   0   10   0   0   0
-1.566   -1.444   10   20   1.09234   0.24443   0.24443
-1.566   -1.444   20   45   0.926143   0.0376462   0.0376462
-1.566   -1.444   45   75   0.957402   0.0118856   0.0118856
-1.566   -1.444   75   100   1.02404   0.0310852   0.0310852
-1.566   -1.444   100   500   1.04966   0.0439021   0.0439021
-1.444   -1   0   10   0   0   0
-1.444   -1   10   20   1.00332   0.0176146   0.0176146
-1.444   -1   20   45   0.980352   0.00406149   0.00406149
-1.444   -1   45   75   0.982582   0.00392161   0.00392161
-1.444   -1   75   100   0.988764   0.0113744   0.0113744
-1.444   -1   100   500   0.988753   0.00700987   0.00700987
-1   0   0   10   0   0   0
-1   0   10   20   1.04762   0.072287   0.072287
-1   -0.5   20   45   0.986667   0.00272337   0.00272337
-1   -0.5   45   75   0.988798   0.0048231   0.0048231
-1   -0.5   75   100   0.998976   0.0070913   0.0070913
-1   -0.5   100   500   0.994934   0.00496351   0.00496351
-0.5   0   20   45   0.987654   0.00252395   0.00252395
-0.5   0   45   75   0.988753   0.0035824   0.0035824
-0.5   0   75   100   0.984725   0.00899365   0.00899365
-0.5   0   100   500   1.00102   0.00518193   0.00518193
0   1   0   10   0   0   0
0   1   10   20   1.04762   0.072287   0.072287
0   0.5   20   45   0.988648   0.00252395   0.00252395
0   0.5   45   75   0.989754   0.0035824   0.0035824
0   0.5   75   100   0.984725   0.00899365   0.00899365
0   0.5   100   500   1.00102   0.00518193   0.00518193
0.5   1   20   45   0.991736   0.00272337   0.00272337
0.5   1   45   75   0.99384   0.0048231   0.0048231
0.5   1   75   100   0.998976   0.0070913   0.0070913
0.5   1   100   500   0.994934   0.00496351   0.00496351
1   1.444   0   10   0   0   0
1   1.444   10   20   1.00332   0.0176146   0.0176146
1   1.444   20   45   0.982218   0.00406149   0.00406149
1   1.444   45   75   0.983437   0.00392161   0.00392161
1   1.444   75   100   0.988764   0.0113744   0.0113744
1   1.444   100   500   0.988753   0.00700987   0.00700987
1.444   1.566   0   10   0   0   0
1.444   1.566   10   20   1.09234   0.24443   0.24443
1.444   1.566   20   45   0.978723   0.0376462   0.0376462
1.444   1.566   45   75   0.98174   0.0118856   0.0118856
1.444   1.566   75   100   1.02404   0.0310852   0.0310852
1.444   1.566   100   500   1.04966   0.0439021   0.0439021
1.566   2   0   10   0   0   0
1.566   2   10   20   1.01262   0.0163579   0.0163579
1.566   2   20   45   0.987654   0.00576823   0.00576823
1.566   2   45   75   0.989775   0.00388957   0.00388957
1.566   2   75   100   1.00409   0.0128657   0.0128657
1.566   2   100   500   0.98783   0.00772391   0.00772391
2   2.5   0   10   0   0   0
2   2.5   10   20   1.01368   0.0131052   0.0131052
2   2.5   20   45   0.986653   0.00451155   0.00451155
2   2.5   45   75   0.986735   0.0034278   0.0034278
2   2.5   75   100   0.976434   0.020234   0.020234
2   2.5   100   500   0.978831   0.0119276   0.0119276
