-3   -2.5   0   10   0   0   0
-3   -2.5   10   20   0   0   0
-2.91667   -2.5   20   45   0   0   0
-2.91667   -2.5   45   75   0   0   0
-2.91667   -2.5   75   100   0   0   0
-2.91667   -2.5   100   500   0   0   0
-2.5   -2   0   10   0   0   0
-2.5   -2   10   20   1.01389   0.0199128   0.0199128
-2.5   -2   20   45   0.996791   0.00337567   0.00337567
-2.5   -2   45   75   0.991588   0.00605904   0.00605904
-2.5   -2   75   100   0.988372   0.0140636   0.0140636
-2.5   -2   100   500   1.00958   0.0175638   0.0175638
-2   -1.566   0   10   0   0   0
-2   -1.566   10   20   0.990343   0.0139072   0.0139072
-2   -1.566   20   45   0.992723   0.00315169   0.00315169
-2   -1.566   45   75   0.992769   0.00218468   0.00218468
-2   -1.566   75   100   0.984631   0.0227034   0.0227034
-2   -1.566   100   500   1.01638   0.00862451   0.00862451
-1.566   -1.444   0   10   0   0   0
-1.566   -1.444   10   20   1.2065   0.483377   0.483377
-1.566   -1.444   20   45   0.957597   0.0177692   0.0177692
-1.566   -1.444   45   75   0.962162   0.00618677   0.00618677
-1.566   -1.444   75   100   1.01213   0.0307724   0.0307724
-1.566   -1.444   100   500   1.01438   0.026801   0.026801
-1.444   -1   0   10   0   0   0
-1.444   -1   10   20   1.01758   0.0365457   0.0365457
-1.444   -1   20   45   0.985597   0.00224108   0.00224108
-1.444   -1   45   75   0.986721   0.0021047   0.0021047
-1.444   -1   75   100   0.982776   0.00934098   0.00934098
-1.444   -1   100   500   0.979818   0.00596981   0.00596981
-1   0   0   10   0   0   0
-1   0   10   20   1.05569   0.0819944   0.0819944
-1   -0.5   20   45   0.979445   0.00261622   0.00261622
-1   -0.5   45   75   0.981614   0.00310187   0.00310187
-1   -0.5   75   100   0.976602   0.0148469   0.0148469
-1   -0.5   100   500   0.984864   0.00676913   0.00676913
-0.5   0   20   45   0.975258   0.00257732   0.00257732
-0.5   0   45   75   0.979529   0.00393099   0.00393099
-0.5   0   75   100   0.987743   0.00722275   0.00722275
-0.5   0   100   500   0.989868   0.00687166   0.00687166
0   0.5   20   45   0.986598   0.00257732   0.00257732
0   0.5   45   75   0.987718   0.00393099   0.00393099
0   0.5   75   100   0.987743   0.00722275   0.00722275
0   0.5   100   500   0.989868   0.00687166   0.00687166
0   1   0   10   0   0   0
0   1   10   20   1.05569   0.0819944   0.0819944
0.5   1   20   45   0.987705   0.00261622   0.00261622
0.5   1   45   75   0.98778   0.00310187   0.00310187
0.5   1   75   100   0.976602   0.0148469   0.0148469
0.5   1   100   500   0.984864   0.00676913   0.00676913
1   1.444   0   10   0   0   0
1   1.444   10   20   1.01758   0.0365457   0.0365457
1   1.444   20   45   0.989722   0.00224108   0.00224108
1   1.444   45   75   0.988775   0.0021047   0.0021047
1   1.444   75   100   0.982776   0.00934098   0.00934098
1   1.444   100   500   0.979818   0.00596981   0.00596981
1.444   1.566   0   10   0   0   0
1.444   1.566   10   20   1.2065   0.483377   0.483377
1.444   1.566   20   45   0.971564   0.0177692   0.0177692
1.444   1.566   45   75   0.975135   0.00618677   0.00618677
1.444   1.566   75   100   1.01213   0.0307724   0.0307724
1.444   1.566   100   500   1.01438   0.026801   0.026801
1.566   2   0   10   0   0   0
1.566   2   10   20   0.990343   0.0139072   0.0139072
1.566   2   20   45   0.993802   0.00315169   0.00315169
1.566   2   45   75   0.99076   0.00218468   0.00218468
1.566   2   75   100   0.984631   0.0227034   0.0227034
1.566   2   100   500   1.01638   0.00862451   0.00862451
2   2.5   0   10   0   0   0
2   2.5   10   20   1.01389   0.0199128   0.0199128
2   2.5   20   45   1   0.00337567   0.00337567
2   2.5   45   75   0.992537   0.00605904   0.00605904
2   2.5   75   100   0.988372   0.0140636   0.0140636
2   2.5   100   500   1.00958   0.0175638   0.0175638
