-3   -2.5   -88   10   0   0   0
-3   -2.5   10   20   0   0   0
-3   -2.5   20   35   0   0   0
-3   -2.5   35   50   0   0   0
-3   -2.5   50   100   0   0   0
-3   -2.5   100   500   0   0   0
-2.5   -2   -88   10   0   0   0
-2.5   -2   10   20   1.12834   0.0219125   0.0219125
-2.5   -2   20   35   1.05185   0.0188861   0.0188861
-2.5   -2   35   50   1.03177   0.00406735   0.00406735
-2.5   -2   50   100   1.01801   0.00845915   0.00845915
-2.5   -2   100   500   1.02233   0.0256135   0.0256135
-2   -1.566   -88   10   0   0   0
-2   -1.566   10   20   1.08592   0.0285531   0.0285531
-2   -1.566   20   35   1.02488   0.0146723   0.0146723
-2   -1.566   35   50   1.0221   0.00436176   0.00436176
-2   -1.566   50   100   1.01682   0.00486066   0.00486066
-2   -1.566   100   500   1.02735   0.0140134   0.0140134
-1.566   -1.444   -88   10   0   0   0
-1.566   -1.444   10   20   1   1   1
-1.566   -1.444   20   35   1   1   1
-1.566   -1.444   35   50   1   1   1
-1.566   -1.444   50   100   1   1   1
-1.566   -1.444   100   500   1   1   1
-1.444   -0.8   -88   10   0   0   0
-1.444   -0.8   10   20   1.05291   0.0357065   0.0357065
-1.444   -0.8   20   35   1.00179   0.0165914   0.0165914
-1.444   -0.8   35   50   0.992898   0.00782361   0.00782361
-1.444   -0.8   50   100   0.996   0.0151866   0.0151866
-1.444   -0.8   100   500   1.00859   0.0114166   0.0114166
-0.8   0   -88   10   0   0   0
-0.8   0   10   20   1   0.0264878   0.0264878
-0.8   0   20   35   0.96769   0.0154292   0.0154292
-0.8   0   35   50   0.965333   0.00375871   0.00375871
-0.8   0   50   100   0.963476   0.00736972   0.00736972
-0.8   0   100   500   0.989349   0.0116429   0.0116429
0   0.8   -88   10   0   0   0
0   0.8   10   20   0.97397   0.0264878   0.0264878
0   0.8   20   35   0.976038   0.0154292   0.0154292
0   0.8   35   50   0.972185   0.00375871   0.00375871
0   0.8   50   100   0.97   0.00736972   0.00736972
0   0.8   100   500   0.992933   0.0116429   0.0116429
0.8   1.444   -88   10   0   0   0
0.8   1.444   10   20   1.06199   0.0358249   0.0358249
0.8   1.444   20   35   0.994585   0.0165914   0.0165914
0.8   1.444   35   50   0.988604   0.00782361   0.00782361
0.8   1.444   50   100   0.984064   0.0151866   0.0151866
0.8   1.444   100   500   1.00122   0.0114166   0.0114166
1.444   1.566   -88   10   0   0   0
1.444   1.566   10   20   1   1   1
1.444   1.566   20   35   1   1   1
1.444   1.566   35   50   1   1   1
1.444   1.566   50   100   1   1   1
1.444   1.566   100   500   1   1   1
1.566   2   -88   10   0   0   0
1.566   2   10   20   1.01942   0.0285531   0.0285531
1.566   2   20   35   1.00335   0.0146723   0.0146723
1.566   2   35   50   1.0124   0.00436176   0.00436176
1.566   2   50   100   1.01688   0.00497806   0.00497806
1.566   2   100   500   0.998808   0.0138193   0.0138193
2   2.5   -88   10   0   0   0
2   2.5   10   20   1.13299   0.0219125   0.0219125
2   2.5   20   35   1.03461   0.0188861   0.0188861
2   2.5   35   50   1.02715   0.00406735   0.00406735
2   2.5   50   100   1.01664   0.00845915   0.00845915
2   2.5   100   500   1.01711   0.0257813   0.0257813
