-3   -2.5   0   10   0   0   0
-3   -2.5   10   20   0   0   0
-2.5   -2   0   10   0   0   0
-2.5   -2   10   20   1.01389   0.0199128   0.0199128
-2   -1.566   0   10   0   0   0
-2   -1.566   10   20   0.990343   0.0139072   0.0139072
-1.566   -1.444   0   10   0   0   0
-1.566   -1.444   10   20   1.2065   0.483377   0.483377
-1.444   -1   0   10   0   0   0
-1.444   -1   10   20   1.01758   0.0365457   0.0365457
-1   0   0   10   0   0   0
-1   0   10   20   1.05569   0.0819944   0.0819944
0   1   0   10   0   0   0
0   1   10   20   1.05569   0.0819944   0.0819944
1   1.444   0   10   0   0   0
1   1.444   10   20   1.01758   0.0365457   0.0365457
1.444   1.566   0   10   0   0   0
1.444   1.566   10   20   1.2065   0.483377   0.483377
1.566   2   0   10   0   0   0
1.566   2   10   20   0.990343   0.0139072   0.0139072
2   2.5   0   10   0   0   0
2   2.5   10   20   1.01389   0.0199128   0.0199128
