-2.500000	-2.400000	10.000000	15.000000	0.000000	0.000000	0.000000
-2.500000	-2.400000	15.000000	20.000000	0.997613	0.008872	0.008872
-2.500000	-2.400000	20.000000	25.000000	0.997204	0.006045	0.006045
-2.500000	-2.400000	25.000000	30.000000	0.995423	0.003921	0.003921
-2.500000	-2.400000	30.000000	35.000000	1.006779	0.003231	0.003231
-2.500000	-2.400000	35.000000	40.000000	1.005080	0.003206	0.003206
-2.500000	-2.400000	40.000000	50.000000	1.010444	0.002561	0.002561
-2.500000	-2.400000	50.000000	60.000000	1.016061	0.004718	0.004718
-2.500000	-2.400000	60.000000	200.000000	1.013247	0.005511	0.005511
-2.400000	-2.300000	10.000000	15.000000	0.000000	0.000000	0.000000
-2.400000	-2.300000	15.000000	20.000000	0.993127	0.007166	0.007166
-2.400000	-2.300000	20.000000	25.000000	1.002318	0.004296	0.004296
-2.400000	-2.300000	25.000000	30.000000	1.001464	0.002724	0.002724
-2.400000	-2.300000	30.000000	35.000000	0.996253	0.002670	0.002670
-2.400000	-2.300000	35.000000	40.000000	0.997675	0.002538	0.002538
-2.400000	-2.300000	40.000000	50.000000	1.005422	0.001961	0.001961
-2.400000	-2.300000	50.000000	60.000000	1.008633	0.003720	0.003720
-2.400000	-2.300000	60.000000	200.000000	1.003555	0.004522	0.004522
-2.300000	-2.200000	10.000000	15.000000	0.000000	0.000000	0.000000
-2.300000	-2.200000	15.000000	20.000000	1.000841	0.005834	0.005834
-2.300000	-2.200000	20.000000	25.000000	0.998848	0.004233	0.004233
-2.300000	-2.200000	25.000000	30.000000	1.004440	0.002517	0.002517
-2.300000	-2.200000	30.000000	35.000000	1.002501	0.002406	0.002406
-2.300000	-2.200000	35.000000	40.000000	0.997859	0.002367	0.002367
-2.300000	-2.200000	40.000000	50.000000	1.003453	0.001711	0.001711
-2.300000	-2.200000	50.000000	60.000000	1.006342	0.003293	0.003293
-2.300000	-2.200000	60.000000	200.000000	0.997482	0.004259	0.004259
-2.200000	-2.100000	10.000000	15.000000	0.000000	0.000000	0.000000
-2.200000	-2.100000	15.000000	20.000000	0.995870	0.006050	0.006050
-2.200000	-2.100000	20.000000	25.000000	0.997881	0.003702	0.003702
-2.200000	-2.100000	25.000000	30.000000	1.001690	0.002408	0.002408
-2.200000	-2.100000	30.000000	35.000000	0.995878	0.002434	0.002434
-2.200000	-2.100000	35.000000	40.000000	0.998890	0.002110	0.002110
-2.200000	-2.100000	40.000000	50.000000	0.998212	0.001586	0.001586
-2.200000	-2.100000	50.000000	60.000000	0.993345	0.003244	0.003244
-2.200000	-2.100000	60.000000	200.000000	1.001005	0.003616	0.003616
-2.100000	-2.000000	10.000000	15.000000	0.000000	0.000000	0.000000
-2.100000	-2.000000	15.000000	20.000000	1.002008	0.004970	0.004970
-2.100000	-2.000000	20.000000	25.000000	1.001457	0.003240	0.003240
-2.100000	-2.000000	25.000000	30.000000	1.001900	0.002199	0.002199
-2.100000	-2.000000	30.000000	35.000000	0.996060	0.002232	0.002232
-2.100000	-2.000000	35.000000	40.000000	0.997425	0.001946	0.001946
-2.100000	-2.000000	40.000000	50.000000	0.996306	0.001469	0.001469
-2.100000	-2.000000	50.000000	60.000000	0.995130	0.002933	0.002933
-2.100000	-2.000000	60.000000	200.000000	0.994560	0.003579	0.003579
-2.000000	-1.900000	10.000000	15.000000	0.000000	0.000000	0.000000
-2.000000	-1.900000	15.000000	20.000000	0.992319	0.005711	0.005711
-2.000000	-1.900000	20.000000	25.000000	0.997526	0.003409	0.003409
-2.000000	-1.900000	25.000000	30.000000	0.999399	0.002149	0.002149
-2.000000	-1.900000	30.000000	35.000000	0.996712	0.002031	0.002031
-2.000000	-1.900000	35.000000	40.000000	0.994795	0.001829	0.001829
-2.000000	-1.900000	40.000000	50.000000	0.996121	0.001292	0.001292
-2.000000	-1.900000	50.000000	60.000000	0.994036	0.002653	0.002653
-2.000000	-1.900000	60.000000	200.000000	1.001992	0.002841	0.002841
-1.900000	-1.800000	10.000000	15.000000	0.000000	0.000000	0.000000
-1.900000	-1.800000	15.000000	20.000000	0.999814	0.004816	0.004816
-1.900000	-1.800000	20.000000	25.000000	0.993988	0.003527	0.003527
-1.900000	-1.800000	25.000000	30.000000	0.997522	0.002099	0.002099
-1.900000	-1.800000	30.000000	35.000000	0.998969	0.001905	0.001905
-1.900000	-1.800000	35.000000	40.000000	0.997697	0.001675	0.001675
-1.900000	-1.800000	40.000000	50.000000	0.998954	0.001162	0.001162
-1.900000	-1.800000	50.000000	60.000000	0.996203	0.002393	0.002393
-1.900000	-1.800000	60.000000	200.000000	0.997722	0.002719	0.002719
-1.800000	-1.700000	10.000000	15.000000	0.000000	0.000000	0.000000
-1.800000	-1.700000	15.000000	20.000000	0.989179	0.005385	0.005385
-1.800000	-1.700000	20.000000	25.000000	0.994796	0.003222	0.003222
-1.800000	-1.700000	25.000000	30.000000	0.998063	0.001885	0.001885
-1.800000	-1.700000	30.000000	35.000000	0.999319	0.001737	0.001737
-1.800000	-1.700000	35.000000	40.000000	0.996194	0.001607	0.001607
-1.800000	-1.700000	40.000000	50.000000	0.996637	0.001089	0.001089
-1.800000	-1.700000	50.000000	60.000000	0.995144	0.002193	0.002193
-1.800000	-1.700000	60.000000	200.000000	1.003991	0.002209	0.002209
-1.700000	-1.600000	10.000000	15.000000	0.000000	0.000000	0.000000
-1.700000	-1.600000	15.000000	20.000000	0.991378	0.005077	0.005077
-1.700000	-1.600000	20.000000	25.000000	0.996726	0.002846	0.002846
-1.700000	-1.600000	25.000000	30.000000	0.996316	0.001890	0.001890
-1.700000	-1.600000	30.000000	35.000000	0.996594	0.001718	0.001718
-1.700000	-1.600000	35.000000	40.000000	0.998925	0.001429	0.001429
-1.700000	-1.600000	40.000000	50.000000	0.996892	0.001030	0.001030
-1.700000	-1.600000	50.000000	60.000000	0.993208	0.002155	0.002155
-1.700000	-1.600000	60.000000	200.000000	0.996900	0.002453	0.002453
-1.600000	-1.500000	10.000000	15.000000	0.000000	0.000000	0.000000
-1.600000	-1.500000	15.000000	20.000000	0.986543	0.010258	0.010258
-1.600000	-1.500000	20.000000	25.000000	0.995873	0.005236	0.005236
-1.600000	-1.500000	25.000000	30.000000	0.987686	0.003934	0.003934
-1.600000	-1.500000	30.000000	35.000000	0.991198	0.003294	0.003294
-1.600000	-1.500000	35.000000	40.000000	0.994344	0.002652	0.002652
-1.600000	-1.500000	40.000000	50.000000	0.993501	0.001858	0.001858
-1.600000	-1.500000	50.000000	60.000000	0.989324	0.003750	0.003750
-1.600000	-1.500000	60.000000	200.000000	1.003477	0.003438	0.003438
-1.500000	-1.400000	10.000000	15.000000	0.000000	0.000000	0.000000
-1.500000	-1.400000	15.000000	20.000000	0.999919	0.006410	0.006410
-1.500000	-1.400000	20.000000	25.000000	0.999583	0.003699	0.003699
-1.500000	-1.400000	25.000000	30.000000	0.998551	0.002496	0.002496
-1.500000	-1.400000	30.000000	35.000000	0.994891	0.002555	0.002555
-1.500000	-1.400000	35.000000	40.000000	1.002570	0.001858	0.001858
-1.500000	-1.400000	40.000000	50.000000	0.996621	0.001447	0.001447
-1.500000	-1.400000	50.000000	60.000000	0.997724	0.002836	0.002836
-1.500000	-1.400000	60.000000	200.000000	0.990864	0.003949	0.003949
-1.400000	-1.300000	10.000000	15.000000	0.000000	0.000000	0.000000
-1.400000	-1.300000	15.000000	20.000000	0.993506	0.004722	0.004722
-1.400000	-1.300000	20.000000	25.000000	1.000818	0.002292	0.002292
-1.400000	-1.300000	25.000000	30.000000	0.997936	0.001645	0.001645
-1.400000	-1.300000	30.000000	35.000000	0.999028	0.001492	0.001492
-1.400000	-1.300000	35.000000	40.000000	0.996724	0.001357	0.001357
-1.400000	-1.300000	40.000000	50.000000	0.995632	0.000927	0.000927
-1.400000	-1.300000	50.000000	60.000000	0.994166	0.001882	0.001882
-1.400000	-1.300000	60.000000	200.000000	1.001448	0.001966	0.001966
-1.300000	-1.200000	10.000000	15.000000	0.000000	0.000000	0.000000
-1.300000	-1.200000	15.000000	20.000000	0.999281	0.003556	0.003556
-1.300000	-1.200000	20.000000	25.000000	0.995566	0.002502	0.002502
-1.300000	-1.200000	25.000000	30.000000	0.997670	0.001517	0.001517
-1.300000	-1.200000	30.000000	35.000000	0.999379	0.001332	0.001332
-1.300000	-1.200000	35.000000	40.000000	0.999766	0.001178	0.001178
-1.300000	-1.200000	40.000000	50.000000	0.997829	0.000820	0.000820
-1.300000	-1.200000	50.000000	60.000000	0.997888	0.001584	0.001584
-1.300000	-1.200000	60.000000	200.000000	0.997452	0.001927	0.001927
-1.200000	-1.100000	10.000000	15.000000	0.000000	0.000000	0.000000
-1.200000	-1.100000	15.000000	20.000000	0.995840	0.003979	0.003979
-1.200000	-1.100000	20.000000	25.000000	0.999028	0.002081	0.002081
-1.200000	-1.100000	25.000000	30.000000	1.000145	0.001348	0.001348
-1.200000	-1.100000	30.000000	35.000000	0.998640	0.001350	0.001350
-1.200000	-1.100000	35.000000	40.000000	0.997277	0.001147	0.001147
-1.200000	-1.100000	40.000000	50.000000	0.996931	0.000803	0.000803
-1.200000	-1.100000	50.000000	60.000000	0.998300	0.001512	0.001512
-1.200000	-1.100000	60.000000	200.000000	1.000172	0.001799	0.001799
-1.100000	-1.000000	10.000000	15.000000	0.000000	0.000000	0.000000
-1.100000	-1.000000	15.000000	20.000000	0.998122	0.003139	0.003139
-1.100000	-1.000000	20.000000	25.000000	1.000000	0.001724	0.001724
-1.100000	-1.000000	25.000000	30.000000	0.997605	0.001429	0.001429
-1.100000	-1.000000	30.000000	35.000000	1.000891	0.001184	0.001184
-1.100000	-1.000000	35.000000	40.000000	0.998798	0.001049	0.001049
-1.100000	-1.000000	40.000000	50.000000	0.996438	0.000750	0.000750
-1.100000	-1.000000	50.000000	60.000000	0.997727	0.001436	0.001436
-1.100000	-1.000000	60.000000	200.000000	0.999219	0.001675	0.001675
-1.000000	-0.900000	10.000000	15.000000	0.000000	0.000000	0.000000
-1.000000	-0.900000	15.000000	20.000000	1.000008	0.002603	0.002603
-1.000000	-0.900000	20.000000	25.000000	1.000000	0.001766	0.001766
-1.000000	-0.900000	25.000000	30.000000	1.000242	0.001255	0.001255
-1.000000	-0.900000	30.000000	35.000000	0.999600	0.001170	0.001170
-1.000000	-0.900000	35.000000	40.000000	1.000019	0.000990	0.000990
-1.000000	-0.900000	40.000000	50.000000	0.999207	0.000657	0.000657
-1.000000	-0.900000	50.000000	60.000000	0.997677	0.001414	0.001414
-1.000000	-0.900000	60.000000	200.000000	1.000422	0.001598	0.001598
-0.900000	-0.800000	10.000000	15.000000	0.000000	0.000000	0.000000
-0.900000	-0.800000	15.000000	20.000000	1.000118	0.002303	0.002303
-0.900000	-0.800000	20.000000	25.000000	1.000000	0.001872	0.001872
-0.900000	-0.800000	25.000000	30.000000	0.998404	0.001422	0.001422
-0.900000	-0.800000	30.000000	35.000000	0.997097	0.001314	0.001314
-0.900000	-0.800000	35.000000	40.000000	0.999682	0.000969	0.000969
-0.900000	-0.800000	40.000000	50.000000	0.997954	0.000677	0.000677
-0.900000	-0.800000	50.000000	60.000000	0.997881	0.001371	0.001371
-0.900000	-0.800000	60.000000	200.000000	0.999158	0.001638	0.001638
-0.800000	-0.700000	10.000000	15.000000	0.000000	0.000000	0.000000
-0.800000	-0.700000	15.000000	20.000000	0.997926	0.003281	0.003281
-0.800000	-0.700000	20.000000	25.000000	0.997758	0.002201	0.002201
-0.800000	-0.700000	25.000000	30.000000	0.999830	0.001432	0.001432
-0.800000	-0.700000	30.000000	35.000000	0.997438	0.001329	0.001329
-0.800000	-0.700000	35.000000	40.000000	0.999422	0.001000	0.001000
-0.800000	-0.700000	40.000000	50.000000	0.998663	0.000679	0.000679
-0.800000	-0.700000	50.000000	60.000000	0.999465	0.001381	0.001381
-0.800000	-0.700000	60.000000	200.000000	0.998768	0.001668	0.001668
-0.700000	-0.600000	10.000000	15.000000	0.000000	0.000000	0.000000
-0.700000	-0.600000	15.000000	20.000000	1.002986	0.002631	0.002631
-0.700000	-0.600000	20.000000	25.000000	0.998373	0.002081	0.002081
-0.700000	-0.600000	25.000000	30.000000	0.998438	0.001481	0.001481
-0.700000	-0.600000	30.000000	35.000000	0.999225	0.001235	0.001235
-0.700000	-0.600000	35.000000	40.000000	0.997995	0.001024	0.001024
-0.700000	-0.600000	40.000000	50.000000	1.000377	0.000629	0.000629
-0.700000	-0.600000	50.000000	60.000000	0.997330	0.001401	0.001401
-0.700000	-0.600000	60.000000	200.000000	0.999054	0.001590	0.001590
-0.600000	-0.500000	10.000000	15.000000	0.000000	0.000000	0.000000
-0.600000	-0.500000	15.000000	20.000000	1.002689	0.002470	0.002470
-0.600000	-0.500000	20.000000	25.000000	1.000363	0.001846	0.001846
-0.600000	-0.500000	25.000000	30.000000	0.999323	0.001479	0.001479
-0.600000	-0.500000	30.000000	35.000000	1.001024	0.001197	0.001197
-0.600000	-0.500000	35.000000	40.000000	1.000249	0.000975	0.000975
-0.600000	-0.500000	40.000000	50.000000	1.000512	0.000635	0.000635
-0.600000	-0.500000	50.000000	60.000000	1.000134	0.001275	0.001275
-0.600000	-0.500000	60.000000	200.000000	1.000615	0.001552	0.001552
-0.500000	-0.400000	10.000000	15.000000	0.000000	0.000000	0.000000
-0.500000	-0.400000	15.000000	20.000000	0.998034	0.003466	0.003466
-0.500000	-0.400000	20.000000	25.000000	1.001152	0.001920	0.001920
-0.500000	-0.400000	25.000000	30.000000	0.998797	0.001511	0.001511
-0.500000	-0.400000	30.000000	35.000000	0.997308	0.001342	0.001342
-0.500000	-0.400000	35.000000	40.000000	1.000362	0.000962	0.000962
-0.500000	-0.400000	40.000000	50.000000	1.000241	0.000654	0.000654
-0.500000	-0.400000	50.000000	60.000000	1.002751	0.001188	0.001188
-0.500000	-0.400000	60.000000	200.000000	1.000525	0.001541	0.001541
-0.400000	-0.300000	10.000000	15.000000	0.000000	0.000000	0.000000
-0.400000	-0.300000	15.000000	20.000000	0.997275	0.003703	0.003703
-0.400000	-0.300000	20.000000	25.000000	0.998282	0.002099	0.002099
-0.400000	-0.300000	25.000000	30.000000	0.999098	0.001463	0.001463
-0.400000	-0.300000	30.000000	35.000000	0.997782	0.001286	0.001286
-0.400000	-0.300000	35.000000	40.000000	1.001441	0.000898	0.000898
-0.400000	-0.300000	40.000000	50.000000	1.000681	0.000611	0.000611
-0.400000	-0.300000	50.000000	60.000000	1.001931	0.001208	0.001208
-0.400000	-0.300000	60.000000	200.000000	0.998409	0.001623	0.001623
-0.300000	-0.200000	10.000000	15.000000	0.000000	0.000000	0.000000
-0.300000	-0.200000	15.000000	20.000000	1.000931	0.003362	0.003362
-0.300000	-0.200000	20.000000	25.000000	1.001764	0.001772	0.001772
-0.300000	-0.200000	25.000000	30.000000	1.000633	0.001434	0.001434
-0.300000	-0.200000	30.000000	35.000000	0.999807	0.001232	0.001232
-0.300000	-0.200000	35.000000	40.000000	1.000424	0.000928	0.000928
-0.300000	-0.200000	40.000000	50.000000	1.001260	0.000587	0.000587
-0.300000	-0.200000	50.000000	60.000000	0.998644	0.001346	0.001346
-0.300000	-0.200000	60.000000	200.000000	1.001252	0.001418	0.001418
-0.200000	-0.100000	10.000000	15.000000	0.000000	0.000000	0.000000
-0.200000	-0.100000	15.000000	20.000000	1.000846	0.003647	0.003647
-0.200000	-0.100000	20.000000	25.000000	1.002280	0.001826	0.001826
-0.200000	-0.100000	25.000000	30.000000	0.999854	0.001454	0.001454
-0.200000	-0.100000	30.000000	35.000000	0.999284	0.001248	0.001248
-0.200000	-0.100000	35.000000	40.000000	1.001124	0.000908	0.000908
-0.200000	-0.100000	40.000000	50.000000	1.001494	0.000588	0.000588
-0.200000	-0.100000	50.000000	60.000000	1.000640	0.001258	0.001258
-0.200000	-0.100000	60.000000	200.000000	1.001167	0.001447	0.001447
-0.100000	0.000000	10.000000	15.000000	0.000000	0.000000	0.000000
-0.100000	0.000000	15.000000	20.000000	0.993355	0.004805	0.004805
-0.100000	0.000000	20.000000	25.000000	0.999294	0.002070	0.002070
-0.100000	0.000000	25.000000	30.000000	1.000038	0.001529	0.001529
-0.100000	0.000000	30.000000	35.000000	1.001343	0.001281	0.001281
-0.100000	0.000000	35.000000	40.000000	1.001244	0.000935	0.000935
-0.100000	0.000000	40.000000	50.000000	1.000136	0.000651	0.000651
-0.100000	0.000000	50.000000	60.000000	1.002019	0.001271	0.001271
-0.100000	0.000000	60.000000	200.000000	1.001710	0.001484	0.001484
0.000000	0.100000	10.000000	15.000000	0.000000	0.000000	0.000000
0.000000	0.100000	15.000000	20.000000	0.993847	0.004491	0.004491
0.000000	0.100000	20.000000	25.000000	1.001322	0.001880	0.001880
0.000000	0.100000	25.000000	30.000000	0.998568	0.001527	0.001527
0.000000	0.100000	30.000000	35.000000	0.998149	0.001333	0.001333
0.000000	0.100000	35.000000	40.000000	0.999339	0.000984	0.000984
0.000000	0.100000	40.000000	50.000000	0.999072	0.000672	0.000672
0.000000	0.100000	50.000000	60.000000	1.001844	0.001221	0.001221
0.000000	0.100000	60.000000	200.000000	0.999746	0.001645	0.001645
0.100000	0.200000	10.000000	15.000000	0.000000	0.000000	0.000000
0.100000	0.200000	15.000000	20.000000	0.999676	0.003639	0.003639
0.100000	0.200000	20.000000	25.000000	1.000424	0.001937	0.001937
0.100000	0.200000	25.000000	30.000000	1.001468	0.001349	0.001349
0.100000	0.200000	30.000000	35.000000	0.999247	0.001259	0.001259
0.100000	0.200000	35.000000	40.000000	0.999345	0.000966	0.000966
0.100000	0.200000	40.000000	50.000000	1.000036	0.000629	0.000629
0.100000	0.200000	50.000000	60.000000	0.999507	0.001307	0.001307
0.100000	0.200000	60.000000	200.000000	1.000494	0.001508	0.001508
0.200000	0.300000	10.000000	15.000000	0.000000	0.000000	0.000000
0.200000	0.300000	15.000000	20.000000	0.999028	0.003385	0.003385
0.200000	0.300000	20.000000	25.000000	1.002170	0.001879	0.001879
0.200000	0.300000	25.000000	30.000000	0.997377	0.001527	0.001527
0.200000	0.300000	30.000000	35.000000	1.000825	0.001199	0.001199
0.200000	0.300000	35.000000	40.000000	1.000930	0.000918	0.000918
0.200000	0.300000	40.000000	50.000000	1.000841	0.000599	0.000599
0.200000	0.300000	50.000000	60.000000	0.999582	0.001272	0.001272
0.200000	0.300000	60.000000	200.000000	1.001477	0.001430	0.001430
0.300000	0.400000	10.000000	15.000000	0.000000	0.000000	0.000000
0.300000	0.400000	15.000000	20.000000	1.003970	0.002771	0.002771
0.300000	0.400000	20.000000	25.000000	1.002684	0.001750	0.001750
0.300000	0.400000	25.000000	30.000000	0.997682	0.001511	0.001511
0.300000	0.400000	30.000000	35.000000	0.999120	0.001255	0.001255
0.300000	0.400000	35.000000	40.000000	0.997564	0.001021	0.001021
0.300000	0.400000	40.000000	50.000000	1.000723	0.000602	0.000602
0.300000	0.400000	50.000000	60.000000	1.002347	0.001118	0.001118
0.300000	0.400000	60.000000	200.000000	0.996678	0.001647	0.001647
0.400000	0.500000	10.000000	15.000000	0.000000	0.000000	0.000000
0.400000	0.500000	15.000000	20.000000	1.003053	0.002779	0.002779
0.400000	0.500000	20.000000	25.000000	0.999460	0.002058	0.002058
0.400000	0.500000	25.000000	30.000000	0.999019	0.001432	0.001432
0.400000	0.500000	30.000000	35.000000	0.999238	0.001248	0.001248
0.400000	0.500000	35.000000	40.000000	1.000220	0.000947	0.000947
0.400000	0.500000	40.000000	50.000000	1.000060	0.000629	0.000629
0.400000	0.500000	50.000000	60.000000	0.999989	0.001295	0.001295
0.400000	0.500000	60.000000	200.000000	1.001032	0.001498	0.001498
0.500000	0.600000	10.000000	15.000000	0.000000	0.000000	0.000000
0.500000	0.600000	15.000000	20.000000	1.002769	0.002468	0.002468
0.500000	0.600000	20.000000	25.000000	1.000944	0.001728	0.001728
0.500000	0.600000	25.000000	30.000000	0.998626	0.001423	0.001423
0.500000	0.600000	30.000000	35.000000	0.999562	0.001187	0.001187
0.500000	0.600000	35.000000	40.000000	1.000312	0.000911	0.000911
0.500000	0.600000	40.000000	50.000000	1.000026	0.000616	0.000616
0.500000	0.600000	50.000000	60.000000	1.000043	0.001251	0.001251
0.500000	0.600000	60.000000	200.000000	1.000249	0.001493	0.001493
0.600000	0.700000	10.000000	15.000000	0.000000	0.000000	0.000000
0.600000	0.700000	15.000000	20.000000	1.000205	0.002885	0.002885
0.600000	0.700000	20.000000	25.000000	1.000000	0.001795	0.001795
0.600000	0.700000	25.000000	30.000000	0.998818	0.001405	0.001405
0.600000	0.700000	30.000000	35.000000	0.999073	0.001198	0.001198
0.600000	0.700000	35.000000	40.000000	1.000274	0.000927	0.000927
0.600000	0.700000	40.000000	50.000000	1.000954	0.000586	0.000586
0.600000	0.700000	50.000000	60.000000	1.001373	0.001176	0.001176
0.600000	0.700000	60.000000	200.000000	0.999762	0.001547	0.001547
0.700000	0.800000	10.000000	15.000000	0.000000	0.000000	0.000000
0.700000	0.800000	15.000000	20.000000	0.999104	0.002965	0.002965
0.700000	0.800000	20.000000	25.000000	1.000807	0.001978	0.001978
0.700000	0.800000	25.000000	30.000000	0.999319	0.001368	0.001368
0.700000	0.800000	30.000000	35.000000	1.000564	0.001204	0.001204
0.700000	0.800000	35.000000	40.000000	1.000541	0.000951	0.000951
0.700000	0.800000	40.000000	50.000000	0.999549	0.000654	0.000654
0.700000	0.800000	50.000000	60.000000	1.000629	0.001269	0.001269
0.700000	0.800000	60.000000	200.000000	0.998533	0.001640	0.001640
0.800000	0.900000	10.000000	15.000000	0.000000	0.000000	0.000000
0.800000	0.900000	15.000000	20.000000	1.000077	0.003004	0.003004
0.800000	0.900000	20.000000	25.000000	0.999683	0.002027	0.002027
0.800000	0.900000	25.000000	30.000000	0.998805	0.001414	0.001414
0.800000	0.900000	30.000000	35.000000	1.000175	0.001182	0.001182
0.800000	0.900000	35.000000	40.000000	0.999402	0.000998	0.000998
0.800000	0.900000	40.000000	50.000000	1.000287	0.000636	0.000636
0.800000	0.900000	50.000000	60.000000	0.999542	0.001304	0.001304
0.800000	0.900000	60.000000	200.000000	1.001083	0.001500	0.001500
0.900000	1.000000	10.000000	15.000000	0.000000	0.000000	0.000000
0.900000	1.000000	15.000000	20.000000	1.000778	0.002939	0.002939
0.900000	1.000000	20.000000	25.000000	0.998846	0.002072	0.002072
0.900000	1.000000	25.000000	30.000000	0.999374	0.001353	0.001353
0.900000	1.000000	30.000000	35.000000	1.001002	0.001183	0.001183
0.900000	1.000000	35.000000	40.000000	1.000125	0.001002	0.001002
0.900000	1.000000	40.000000	50.000000	0.999487	0.000666	0.000666
0.900000	1.000000	50.000000	60.000000	1.001529	0.001252	0.001252
0.900000	1.000000	60.000000	200.000000	1.001594	0.001502	0.001502
1.000000	1.100000	10.000000	15.000000	0.000000	0.000000	0.000000
1.000000	1.100000	15.000000	20.000000	0.999715	0.003111	0.003111
1.000000	1.100000	20.000000	25.000000	0.999370	0.002001	0.002001
1.000000	1.100000	25.000000	30.000000	0.998614	0.001360	0.001360
1.000000	1.100000	30.000000	35.000000	0.998925	0.001250	0.001250
1.000000	1.100000	35.000000	40.000000	0.998878	0.001024	0.001024
1.000000	1.100000	40.000000	50.000000	0.999034	0.000683	0.000683
1.000000	1.100000	50.000000	60.000000	0.998774	0.001392	0.001392
1.000000	1.100000	60.000000	200.000000	1.000160	0.001692	0.001692
1.100000	1.200000	10.000000	15.000000	0.000000	0.000000	0.000000
1.100000	1.200000	15.000000	20.000000	0.989928	0.004752	0.004752
1.100000	1.200000	20.000000	25.000000	1.000000	0.001908	0.001908
1.100000	1.200000	25.000000	30.000000	1.000000	0.001283	0.001283
1.100000	1.200000	30.000000	35.000000	1.000084	0.001222	0.001222
1.100000	1.200000	35.000000	40.000000	0.999771	0.001090	0.001090
1.100000	1.200000	40.000000	50.000000	0.998920	0.000728	0.000728
1.100000	1.200000	50.000000	60.000000	0.999046	0.001452	0.001452
1.100000	1.200000	60.000000	200.000000	0.997436	0.001854	0.001854
1.200000	1.300000	10.000000	15.000000	0.000000	0.000000	0.000000
1.200000	1.300000	15.000000	20.000000	0.997432	0.004033	0.004033
1.200000	1.300000	20.000000	25.000000	0.996192	0.002432	0.002432
1.200000	1.300000	25.000000	30.000000	0.994767	0.001691	0.001691
1.200000	1.300000	30.000000	35.000000	1.000057	0.001296	0.001296
1.200000	1.300000	35.000000	40.000000	0.999066	0.001165	0.001165
1.200000	1.300000	40.000000	50.000000	0.997961	0.000794	0.000794
1.200000	1.300000	50.000000	60.000000	0.995199	0.001707	0.001707
1.200000	1.300000	60.000000	200.000000	1.000193	0.001815	0.001815
1.300000	1.400000	10.000000	15.000000	0.000000	0.000000	0.000000
1.300000	1.400000	15.000000	20.000000	0.990909	0.005309	0.005309
1.300000	1.400000	20.000000	25.000000	0.997146	0.002650	0.002650
1.300000	1.400000	25.000000	30.000000	0.998859	0.001612	0.001612
1.300000	1.400000	30.000000	35.000000	0.998350	0.001550	0.001550
1.300000	1.400000	35.000000	40.000000	0.996740	0.001389	0.001389
1.300000	1.400000	40.000000	50.000000	0.996589	0.000934	0.000934
1.300000	1.400000	50.000000	60.000000	0.996332	0.001861	0.001861
1.300000	1.400000	60.000000	200.000000	0.996911	0.002225	0.002225
1.400000	1.500000	10.000000	15.000000	0.000000	0.000000	0.000000
1.400000	1.500000	15.000000	20.000000	1.002344	0.006042	0.006042
1.400000	1.500000	20.000000	25.000000	0.998972	0.004102	0.004102
1.400000	1.500000	25.000000	30.000000	0.999165	0.002608	0.002608
1.400000	1.500000	30.000000	35.000000	0.995981	0.002658	0.002658
1.400000	1.500000	35.000000	40.000000	0.998960	0.002149	0.002149
1.400000	1.500000	40.000000	50.000000	0.997831	0.001530	0.001530
1.400000	1.500000	50.000000	60.000000	0.997613	0.002989	0.002989
1.400000	1.500000	60.000000	200.000000	0.997070	0.003851	0.003851
1.500000	1.600000	10.000000	15.000000	0.000000	0.000000	0.000000
1.500000	1.600000	15.000000	20.000000	0.987076	0.010227	0.010227
1.500000	1.600000	20.000000	25.000000	0.992412	0.005331	0.005331
1.500000	1.600000	25.000000	30.000000	1.000102	0.002897	0.002897
1.500000	1.600000	30.000000	35.000000	0.990474	0.003261	0.003261
1.500000	1.600000	35.000000	40.000000	0.998388	0.002423	0.002423
1.500000	1.600000	40.000000	50.000000	0.994969	0.001802	0.001802
1.500000	1.600000	50.000000	60.000000	0.998316	0.003217	0.003217
1.500000	1.600000	60.000000	200.000000	0.989524	0.004371	0.004371
1.600000	1.700000	10.000000	15.000000	0.000000	0.000000	0.000000
1.600000	1.700000	15.000000	20.000000	0.989462	0.005546	0.005546
1.600000	1.700000	20.000000	25.000000	0.996617	0.002970	0.002970
1.600000	1.700000	25.000000	30.000000	0.996803	0.001867	0.001867
1.600000	1.700000	30.000000	35.000000	0.995525	0.001760	0.001760
1.600000	1.700000	35.000000	40.000000	0.997466	0.001467	0.001467
1.600000	1.700000	40.000000	50.000000	0.998596	0.001002	0.001002
1.600000	1.700000	50.000000	60.000000	0.995794	0.002118	0.002118
1.600000	1.700000	60.000000	200.000000	1.000422	0.002262	0.002262
1.700000	1.800000	10.000000	15.000000	0.000000	0.000000	0.000000
1.700000	1.800000	15.000000	20.000000	0.993694	0.005354	0.005354
1.700000	1.800000	20.000000	25.000000	1.004226	0.002678	0.002678
1.700000	1.800000	25.000000	30.000000	0.997220	0.002019	0.002019
1.700000	1.800000	30.000000	35.000000	0.999837	0.001733	0.001733
1.700000	1.800000	35.000000	40.000000	0.996622	0.001602	0.001602
1.700000	1.800000	40.000000	50.000000	0.997301	0.001142	0.001142
1.700000	1.800000	50.000000	60.000000	0.994367	0.002273	0.002273
1.700000	1.800000	60.000000	200.000000	0.996624	0.002667	0.002667
1.800000	1.900000	10.000000	15.000000	0.000000	0.000000	0.000000
1.800000	1.900000	15.000000	20.000000	0.989429	0.005913	0.005913
1.800000	1.900000	20.000000	25.000000	0.995180	0.003620	0.003620
1.800000	1.900000	25.000000	30.000000	1.000210	0.001999	0.001999
1.800000	1.900000	30.000000	35.000000	0.999359	0.001888	0.001888
1.800000	1.900000	35.000000	40.000000	0.998764	0.001692	0.001692
1.800000	1.900000	40.000000	50.000000	0.996225	0.001254	0.001254
1.800000	1.900000	50.000000	60.000000	0.995863	0.002460	0.002460
1.800000	1.900000	60.000000	200.000000	0.992821	0.002960	0.002960
1.900000	2.000000	10.000000	15.000000	0.000000	0.000000	0.000000
1.900000	2.000000	15.000000	20.000000	0.996614	0.005152	0.005152
1.900000	2.000000	20.000000	25.000000	0.998511	0.003280	0.003280
1.900000	2.000000	25.000000	30.000000	0.994013	0.002251	0.002251
1.900000	2.000000	30.000000	35.000000	0.993865	0.002066	0.002066
1.900000	2.000000	35.000000	40.000000	0.996276	0.001754	0.001754
1.900000	2.000000	40.000000	50.000000	0.996930	0.001270	0.001270
1.900000	2.000000	50.000000	60.000000	0.997963	0.002448	0.002448
1.900000	2.000000	60.000000	200.000000	0.998777	0.002919	0.002919
2.000000	2.100000	10.000000	15.000000	0.000000	0.000000	0.000000
2.000000	2.100000	15.000000	20.000000	1.000347	0.004899	0.004899
2.000000	2.100000	20.000000	25.000000	1.003196	0.003096	0.003096
2.000000	2.100000	25.000000	30.000000	1.000654	0.002042	0.002042
2.000000	2.100000	30.000000	35.000000	1.001339	0.001880	0.001880
2.000000	2.100000	35.000000	40.000000	0.998968	0.001848	0.001848
2.000000	2.100000	40.000000	50.000000	0.998117	0.001367	0.001367
2.000000	2.100000	50.000000	60.000000	0.996225	0.002821	0.002821
2.000000	2.100000	60.000000	200.000000	0.996264	0.003297	0.003297
2.100000	2.200000	10.000000	15.000000	0.000000	0.000000	0.000000
2.100000	2.200000	15.000000	20.000000	1.001734	0.005440	0.005440
2.100000	2.200000	20.000000	25.000000	1.002441	0.003370	0.003370
2.100000	2.200000	25.000000	30.000000	1.001635	0.002240	0.002240
2.100000	2.200000	30.000000	35.000000	0.997352	0.002237	0.002237
2.100000	2.200000	35.000000	40.000000	0.998745	0.002045	0.002045
2.100000	2.200000	40.000000	50.000000	1.000823	0.001497	0.001497
2.100000	2.200000	50.000000	60.000000	0.995380	0.003188	0.003188
2.100000	2.200000	60.000000	200.000000	0.998963	0.003581	0.003581
2.200000	2.300000	10.000000	15.000000	0.000000	0.000000	0.000000
2.200000	2.300000	15.000000	20.000000	0.987001	0.007090	0.007090
2.200000	2.300000	20.000000	25.000000	0.998646	0.003902	0.003902
2.200000	2.300000	25.000000	30.000000	0.998128	0.002552	0.002552
2.200000	2.300000	30.000000	35.000000	0.995220	0.002424	0.002424
2.200000	2.300000	35.000000	40.000000	0.994070	0.002369	0.002369
2.200000	2.300000	40.000000	50.000000	0.999031	0.001731	0.001731
2.200000	2.300000	50.000000	60.000000	0.999803	0.003404	0.003404
2.200000	2.300000	60.000000	200.000000	0.995585	0.004152	0.004152
2.300000	2.400000	10.000000	15.000000	0.000000	0.000000	0.000000
2.300000	2.400000	15.000000	20.000000	0.993259	0.007374	0.007374
2.300000	2.400000	20.000000	25.000000	0.994611	0.004862	0.004862
2.300000	2.400000	25.000000	30.000000	0.996425	0.002926	0.002926
2.300000	2.400000	30.000000	35.000000	0.996103	0.002742	0.002742
2.300000	2.400000	35.000000	40.000000	0.996224	0.002668	0.002668
2.300000	2.400000	40.000000	50.000000	0.997209	0.002109	0.002109
2.300000	2.400000	50.000000	60.000000	0.993212	0.004327	0.004327
2.300000	2.400000	60.000000	200.000000	0.993686	0.005276	0.005276
2.400000	2.500000	10.000000	15.000000	0.000000	0.000000	0.000000
2.400000	2.500000	15.000000	20.000000	0.996211	0.009474	0.009474
2.400000	2.500000	20.000000	25.000000	0.998337	0.006130	0.006130
2.400000	2.500000	25.000000	30.000000	1.001420	0.003859	0.003859
2.400000	2.500000	30.000000	35.000000	0.999539	0.003905	0.003905
2.400000	2.500000	35.000000	40.000000	1.000905	0.003642	0.003642
2.400000	2.500000	40.000000	50.000000	1.004657	0.002901	0.002901
2.400000	2.500000	50.000000	60.000000	1.006311	0.005604	0.005604
2.400000	2.500000	60.000000	200.000000	1.004799	0.006683	0.006683
