0   0.9   15   20   0.987755   0.00112568   0.000746836 
0   0.9   20   25   0.990416   0.000605851   0.00163316 
0   0.9   25   30   0.98907   0.000376262   0.00395079 
0   0.9   30   40   0.987844   0.000124958   0.00539506 
0   0.9   40   50   0.988046   0.000152992   0.00641823 
0   0.9   50   60   0.987095   0.000326066   0.00228451 
0   0.9   60   120   0.986421   0.000495894   0.000363862 
0.9   1.2   15   20   0.982301   0.00124307   0.00117386 
0.9   1.2   20   25   0.98039   0.000911238   0.000948437 
0.9   1.2   25   30   0.979033   0.000586157   0.00522826 
0.9   1.2   30   40   0.981024   0.000292629   0.00526127 
0.9   1.2   40   50   0.979877   0.000182975   0.00767626 
0.9   1.2   50   60   0.979944   0.00055433   0.0021693 
0.9   1.2   60   120   0.979124   0.000871003   0.0017352 
1.2   2.1   15   20   0.98923   0.000571283   0.00126418 
1.2   2.1   20   25   0.98965   0.000354354   0.00122491 
1.2   2.1   25   30   0.989532   0.000247298   0.0036211 
1.2   2.1   30   40   0.990506   0.000127657   0.00514907 
1.2   2.1   40   50   0.990914   0.000118512   0.00788584 
1.2   2.1   50   60   0.989909   0.000255155   0.00295995 
1.2   2.1   60   120   0.989549   0.000418152   0.00160223 
2.1   2.4   15   20   0.975004   0.00152482   0.00362906 
2.1   2.4   20   25   0.975537   0.00103705   0.00210155 
2.1   2.4   25   30   0.97582   0.000754146   0.00527219 
2.1   2.4   30   40   0.975616   0.000420419   0.00577509 
2.1   2.4   40   50   0.973967   0.000463485   0.00884241 
2.1   2.4   50   60   0.973163   0.00101859   0.00516027 
2.1   2.4   60   120   0.966175   0.00174023   0.0130494 
