0   0.9   15   20   0.987196   0.00330802   0.012498 
0   0.9   20   25   0.987634   0.00161208   0.0101648 
0   0.9   25   30   0.985218   0.000833577   0.0086444 
0   0.9   30   40   0.994124   0.000260856   0.000581155 
0   0.9   40   50   0.996431   0.000144557   0.000129462 
0   0.9   50   60   0.996765   0.00024653   0.000753233 
0   0.9   60   120   0.998707   0.000323575   0.000207428 
0.9   1.2   15   20   0.980543   0.00399141   0.0110421 
0.9   1.2   20   25   0.987631   0.00250588   0.00965621 
0.9   1.2   25   30   0.996803   0.00145665   0.00647873 
0.9   1.2   30   40   0.996699   0.000477201   0.00109843 
0.9   1.2   40   50   0.997318   0.00025409   0.000224732 
0.9   1.2   50   60   0.997313   0.000432881   0.000472526 
0.9   1.2   60   120   0.998761   0.000581303   0.0011893 
1.2   2.1   15   20   0.997546   0.00210268   0.00577675 
1.2   2.1   20   25   0.996746   0.00120062   0.0052799 
1.2   2.1   25   30   1.00139   0.00071332   0.00358377 
1.2   2.1   30   40   0.999272   0.000262562   0.000956845 
1.2   2.1   40   50   0.998808   0.000146062   8.81519e-05 
1.2   2.1   50   60   0.99849   0.000249274   0.000357307 
1.2   2.1   60   120   0.99946   0.000341544   0.000344658 
2.1   2.4   15   20   1.0081   0.00366451   0.00412433 
2.1   2.4   20   25   1.00406   0.00214772   0.00407322 
2.1   2.4   25   30   1.00523   0.00125457   0.00254183 
2.1   2.4   30   40   1.00086   0.000492484   0.000696869 
2.1   2.4   40   50   1.00108   0.000327675   0.000154587 
2.1   2.4   50   60   0.999844   0.00053003   0.00059563 
2.1   2.4   60   120   1.00085   0.000760689   0.00081544 
