0   0.9   2   2.5   1   1   1 
0   0.9   2.5   2.75   1   1   1 
0   0.9   2.75   3   1   1   1 
0   0.9   3   3.25   1   1   1 
0   0.9   3.25   3.5   1.27359   1   1 
0   0.9   3.5   3.75   1.03854   1   1 
0   0.9   3.75   4   1.01793   1   1 
0   0.9   4   4.5   1.00644   1   1 
0   0.9   4.5   5   0.995261   1   1 
0   0.9   5   6   0.988662   1   1 
0   0.9   6   8   1.00716   1   1 
0   0.9   8   10   1.00665   1   1 
0   0.9   10   15   1.00666   1   1 
0   0.9   15   20   1.00588   1   1 
0   0.9   20   30   1.00584   1   1 
0   0.9   30   40   1.00474   1   1 
0.9   1.2   2   2.5   1   1   1 
0.9   1.2   2.5   2.75   1   1   1 
0.9   1.2   2.75   3   1   1   1 
0.9   1.2   3   3.25   1   1   1 
0.9   1.2   3.25   3.5   1   1   1 
0.9   1.2   3.5   3.75   0.618525   1   1 
0.9   1.2   3.75   4   0.946917   1   1 
0.9   1.2   4   4.5   1.01618   1   1 
0.9   1.2   4.5   5   0.931048   1   1 
0.9   1.2   5   6   1.0099   1   1 
0.9   1.2   6   8   1.00703   1   1 
0.9   1.2   8   10   1.0062   1   1 
0.9   1.2   10   15   1.00991   1   1 
0.9   1.2   15   20   1.00653   1   1 
0.9   1.2   20   30   1.00471   1   1 
0.9   1.2   30   40   1   1   1 
1.2   2.1   2   2.5   1   1   1 
1.2   2.1   2.5   2.75   1   1   1 
1.2   2.1   2.75   3   1   1   1 
1.2   2.1   3   3.25   1   1   1 
1.2   2.1   3.25   3.5   0.945572   1   1 
1.2   2.1   3.5   3.75   1.00467   1   1 
1.2   2.1   3.75   4   0.991256   1   1 
1.2   2.1   4   4.5   0.9612   1   1 
1.2   2.1   4.5   5   1.00352   1   1 
1.2   2.1   5   6   1.00282   1   1 
1.2   2.1   6   8   1.00224   1   1 
1.2   2.1   8   10   0.984269   1   1 
1.2   2.1   10   15   1.00452   1   1 
1.2   2.1   15   20   1.00314   1   1 
1.2   2.1   20   30   1.00237   1   1 
1.2   2.1   30   40   1   1   1 
2.1   2.4   2   2.5   1.0031   1   1 
2.1   2.4   2.5   2.75   1.00151   1   1 
2.1   2.4   2.75   3   1.0021   1   1 
2.1   2.4   3   3.25   1.00108   1   1 
2.1   2.4   3.25   3.5   1.0015   1   1 
2.1   2.4   3.5   3.75   1.0014   1   1 
2.1   2.4   3.75   4   1.00157   1   1 
2.1   2.4   4   4.5   1.00049   1   1 
2.1   2.4   4.5   5   1.00116   1   1 
2.1   2.4   5   6   1.00026   1   1 
2.1   2.4   6   8   1.00048   1   1 
2.1   2.4   8   10   1.00022   1   1 
2.1   2.4   10   15   1   1   1 
2.1   2.4   15   20   1   1   1 
2.1   2.4   20   30   1   1   1 
2.1   2.4   30   40   1   1   1 
