0   0.9   26   30   0.896216   0.000406249   0.000820604 
0   0.9   30   40   0.922924   0.000154306   0.000311229 
0   0.9   40   50   0.936883   0.000135402   1.87934e-05 
0   0.9   50   60   0.939943   0.000264133   0.000205508 
0   0.9   60   120   0.940415   0.000358125   0.00046866 
0   0.9   120   200   0.934564   0.00167012   0.00176556 
0.9   1.2   26   30   0.884281   0.000839003   0.00112888 
0.9   1.2   30   40   0.922939   0.000305859   0.00020228 
0.9   1.2   40   50   0.940249   0.00023745   0.000142558 
0.9   1.2   50   60   0.944722   0.000124242   0.000190431 
0.9   1.2   60   120   0.943916   0.000629839   0.000441828 
0.9   1.2   120   200   0.935155   0.00311818   0.00413901 
1.2   2.1   26   30   0.820436   0.000630589   0.00121717 
1.2   2.1   30   40   0.861722   0.000100319   0.00108788 
1.2   2.1   40   50   0.885711   0.000211173   0.000248596 
1.2   2.1   50   60   0.891728   0.000404196   0.00011072 
1.2   2.1   60   120   0.894299   0.000551729   0.000127265 
1.2   2.1   120   200   0.900552   0.00252472   0.00347244 
2.1   2.4   26   30   0.718881   0.00155433   0.00179144 
2.1   2.4   30   40   0.777441   0.000703477   0.000397224 
2.1   2.4   40   50   0.806871   0.000647687   0.00111023 
2.1   2.4   50   60   0.819232   0.00122623   0.00030036 
2.1   2.4   60   120   0.824516   0.00163585   0.000378541 
2.1   2.4   120   200   0.826386   0.00830819   0.00239499
0   0.9   0   26   0   0   0
0.9   1.2   0   26   0   0   0
1.2   2.1   0   26   0   0   0
2.1   2.4   0   26   0   0   0
