0   0.9   26   30   0.934263   0.000345316   0.000689096 
0   0.9   30   40   0.951472   0.000132206   7.99967e-05 
0   0.9   40   50   0.960627   0.000110112   1.89404e-05 
0   0.9   50   60   0.962871   0.000234113   1.01811e-05 
0   0.9   60   120   0.963108   0.000335584   6.20524e-05 
0   0.9   120   200   0.959515   0.00157755   6.75874e-05 
0.9   1.2   26   30   0.927633   0.000716431   0.000817765 
0.9   1.2   30   40   0.955719   0.000243869   0.000111594 
0.9   1.2   40   50   0.969413   0.000175268   7.1476e-06 
0.9   1.2   50   60   0.973391   0.000354829   1.35195e-05 
0.9   1.2   60   120   0.974197   0.000509606   1.3191e-05 
0.9   1.2   120   200   0.967872   0.00258355   0.000270309 
1.2   2.1   26   30   0.833086   0.00064781   0.00137028 
1.2   2.1   30   40   0.865946   0.000272478   0.000181965 
1.2   2.1   40   50   0.884205   0.000215105   3.70124e-05 
1.2   2.1   50   60   0.889785   0.00045632   3.3575e-05 
1.2   2.1   60   120   0.894027   0.000656551   8.56222e-05 
1.2   2.1   120   200   0.90031   0.00296884   0.000595536 
2.1   2.4   26   30   0.781141   0.00149912   0.00162365 
2.1   2.4   30   40   0.817078   0.000674881   0.000321997 
2.1   2.4   40   50   0.838653   0.000609426   6.22685e-05 
2.1   2.4   50   60   0.844628   0.00127926   0.000111909 
2.1   2.4   60   120   0.848731   0.0018904   0.000354903 
2.1   2.4   120   200   0.849471   0.00963689   0.00171734 
