0   0.9   0   0.9   0.988667   0.00542694   0.00145296 
0   0.9   0.9   1.2   0.975544   0.0107938   0.00119622 
0   0.9   1.2   2.1   0.982243   0.00685384   0.00134941 
0   0.9   2.1   2.4   1.0025   0.0131835   0.00111019 
0.9   1.2   0   0.9   0.993965   0.00982724   0.00737736 
0.9   1.2   0.9   1.2   0.998644   0.0142553   0.00192145 
0.9   1.2   1.2   2.1   0.998997   0.00960781   0.00199728 
0.9   1.2   2.1   2.4   0.997635   0.0189049   0.00533412 
1.2   2.1   0   0.9   0.997868   0.0078252   0.000786471 
1.2   2.1   0.9   1.2   0.992303   0.0131022   0.00247633 
1.2   2.1   1.2   2.1   0.992818   0.0076371   0.00667643 
1.2   2.1   2.1   2.4   1.00556   0.0140647   0.00188946 
2.1   2.4   0   0.9   0.993888   0.0318532   0.00731632 
2.1   2.4   0.9   1.2   1.00622   0.033291   0.00175603 
2.1   2.4   1.2   2.1   0.997721   0.019874   0.00196076 
2.1   2.4   2.1   2.4   1.01403   0.0100578   0.0121042 
