-2.5  -1.5  0  20  0 0.  0. 
-2.5  -1.5  20  30  0 0.  0. 
-2.5  -1.5  30  50  0.325556 0.  0. 
-2.5  -1.5  50  100  0.368361 0.  0. 
-2.5  -1.5  100  200  0.36497 0.  0. 
-2.5  -1.5  200  1000  0.243085 0.  0. 
-1.5  -0.5  0  20  0 0.  0. 
-1.5  -0.5  20  30  0 0.  0. 
-1.5  -0.5  30  50  0.41555 0.  0. 
-1.5  -0.5  50  100  0.456683 0.  0. 
-1.5  -0.5  100  200  0.463403 0.  0. 
-1.5  -0.5  200  1000  0.410885 0.  0. 
-0.5  0.5  0  20  0 0.  0. 
-0.5  0.5  20  30  0 0.  0. 
-0.5  0.5  30  50  0.457158 0.  0. 
-0.5  0.5  50  100  0.488761 0.  0. 
-0.5  0.5  100  200  0.491116 0.  0. 
-0.5  0.5  200  1000  0.417987 0.  0. 
0.5  1.5  0  20  0 0.  0. 
0.5  1.5  20  30  0 0.  0. 
0.5  1.5  30  50  0.425163 0.  0. 
0.5  1.5  50  100  0.465364 0.  0. 
0.5  1.5  100  200  0.47185 0.  0. 
0.5  1.5  200  1000  0.404727 0.  0. 
1.5  2.5  0  20  0 0.  0. 
1.5  2.5  20  30  0 0.  0. 
1.5  2.5  30  50  0.339082 0.  0. 
1.5  2.5  50  100  0.381299 0.  0. 
1.5  2.5  100  200  0.360198 0.  0. 
1.5  2.5  200  1000  0.230864 0.  0. 
