-2.5  -1.5  0  20  0 0.  0. 
-2.5  -1.5  20  30  0 0.  0. 
-2.5  -1.5  30  50  0.00149063 0.  0. 
-2.5  -1.5  50  100  0.00148093 0.  0. 
-2.5  -1.5  100  200  0.00188127 0.  0. 
-2.5  -1.5  200  1000  0.00309114 0.  0. 
-1.5  -0.5  0  20  0 0.  0. 
-1.5  -0.5  20  30  0 0.  0. 
-1.5  -0.5  30  50  0.00137081 0.  0. 
-1.5  -0.5  50  100  0.00129772 0.  0. 
-1.5  -0.5  100  200  0.00145595 0.  0. 
-1.5  -0.5  200  1000  0.00398339 0.  0. 
-0.5  0.5  0  20  0 0.  0. 
-0.5  0.5  20  30  0 0.  0. 
-0.5  0.5  30  50  0.00144814 0.  0. 
-0.5  0.5  50  100  0.000980348 0.  0. 
-0.5  0.5  100  200  0.00137026 0.  0. 
-0.5  0.5  200  1000  0.00163907 0.  0. 
0.5  1.5  0  20  0 0.  0. 
0.5  1.5  20  30  0 0.  0. 
0.5  1.5  30  50  0.00114484 0.  0. 
0.5  1.5  50  100  0.00087408 0.  0. 
0.5  1.5  100  200  0.0013775 0.  0. 
0.5  1.5  200  1000  0.00341275 0.  0. 
1.5  2.5  0  20  0 0.  0. 
1.5  2.5  20  30  0 0.  0. 
1.5  2.5  30  50  0.00157973 0.  0. 
1.5  2.5  50  100  0.00151152 0.  0. 
1.5  2.5  100  200  0.00128401 0.  0. 
1.5  2.5  200  1000  0.00218753 0.  0. 
