-2.5  -1.5  0  20  0 0.  0. 
-2.5  -1.5  20  30  0 0.  0. 
-2.5  -1.5  30  50  0.342675 0.  0. 
-2.5  -1.5  50  100  0.338993 0.  0. 
-2.5  -1.5  100  200  0.396276 0.  0. 
-2.5  -1.5  200  1000  0.373224 0.  0. 
-1.5  -0.5  0  20  0 0.  0. 
-1.5  -0.5  20  30  0 0.  0. 
-1.5  -0.5  30  50  0.376049 0.  0. 
-1.5  -0.5  50  100  0.371936 0.  0. 
-1.5  -0.5  100  200  0.338927 0.  0. 
-1.5  -0.5  200  1000  0.363147 0.  0. 
-0.5  0.5  0  20  0 0.  0. 
-0.5  0.5  20  30  0 0.  0. 
-0.5  0.5  30  50  0.312495 0.  0. 
-0.5  0.5  50  100  0.320797 0.  0. 
-0.5  0.5  100  200  0.314448 0.  0. 
-0.5  0.5  200  1000  0.359731 0.  0. 
0.5  1.5  0  20  0 0.  0. 
0.5  1.5  20  30  0 0.  0. 
0.5  1.5  30  50  0.332886 0.  0. 
0.5  1.5  50  100  0.35117 0.  0. 
0.5  1.5  100  200  0.34621 0.  0. 
0.5  1.5  200  1000  0.399126 0.  0. 
1.5  2.5  0  20  0 0.  0. 
1.5  2.5  20  30  0 0.  0. 
1.5  2.5  30  50  0.325691 0.  0. 
1.5  2.5  50  100  0.331347 0.  0. 
1.5  2.5  100  200  0.379766 0.  0. 
1.5  2.5  200  1000  0.431409 0.  0. 
