-2.5  -1.5  0  20  0 0.  0. 
-2.5  -1.5  20  30  0 0.  0. 
-2.5  -1.5  30  50  0.139216 0.  0. 
-2.5  -1.5  50  100  0.144628 0.  0. 
-2.5  -1.5  100  200  0.155564 0.  0. 
-2.5  -1.5  200  1000  0.197419 0.  0. 
-1.5  -0.5  0  20  0 0.  0. 
-1.5  -0.5  20  30  0 0.  0. 
-1.5  -0.5  30  50  0.109873 0.  0. 
-1.5  -0.5  50  100  0.0917319 0.  0. 
-1.5  -0.5  100  200  0.0988561 0.  0. 
-1.5  -0.5  200  1000  0.12583 0.  0. 
-0.5  0.5  0  20  0 0.  0. 
-0.5  0.5  20  30  0 0.  0. 
-0.5  0.5  30  50  0.0761119 0.  0. 
-0.5  0.5  50  100  0.0606177 0.  0. 
-0.5  0.5  100  200  0.0596619 0.  0. 
-0.5  0.5  200  1000  0.0798398 0.  0. 
0.5  1.5  0  20  0 0.  0. 
0.5  1.5  20  30  0 0.  0. 
0.5  1.5  30  50  0.103669 0.  0. 
0.5  1.5  50  100  0.0909774 0.  0. 
0.5  1.5  100  200  0.0990042 0.  0. 
0.5  1.5  200  1000  0.128745 0.  0. 
1.5  2.5  0  20  0 0.  0. 
1.5  2.5  20  30  0 0.  0. 
1.5  2.5  30  50  0.138166 0.  0. 
1.5  2.5  50  100  0.124475 0.  0. 
1.5  2.5  100  200  0.155752 0.  0. 
1.5  2.5  200  1000  0.184154 0.  0. 
