-2.5  -1.5  0  20  0 0.  0. 
-2.5  -1.5  20  30  0 0.  0. 
-2.5  -1.5  30  50  0.113683 0.  0. 
-2.5  -1.5  50  100  0.10466 0.  0. 
-2.5  -1.5  100  200  0.142897 0.  0. 
-2.5  -1.5  200  1000  0.0806689 0.  0. 
-1.5  -0.5  0  20  0 0.  0. 
-1.5  -0.5  20  30  0 0.  0. 
-1.5  -0.5  30  50  0.130449 0.  0. 
-1.5  -0.5  50  100  0.119046 0.  0. 
-1.5  -0.5  100  200  0.115906 0.  0. 
-1.5  -0.5  200  1000  0.146312 0.  0. 
-0.5  0.5  0  20  0 0.  0. 
-0.5  0.5  20  30  0 0.  0. 
-0.5  0.5  30  50  0.103913 0.  0. 
-0.5  0.5  50  100  0.111171 0.  0. 
-0.5  0.5  100  200  0.109935 0.  0. 
-0.5  0.5  200  1000  0.151874 0.  0. 
0.5  1.5  0  20  0 0.  0. 
0.5  1.5  20  30  0 0.  0. 
0.5  1.5  30  50  0.111365 0.  0. 
0.5  1.5  50  100  0.123159 0.  0. 
0.5  1.5  100  200  0.137887 0.  0. 
0.5  1.5  200  1000  0.138239 0.  0. 
1.5  2.5  0  20  0 0.  0. 
1.5  2.5  20  30  0 0.  0. 
1.5  2.5  30  50  0.100736 0.  0. 
1.5  2.5  50  100  0.106875 0.  0. 
1.5  2.5  100  200  0.13058 0.  0. 
1.5  2.5  200  1000  0.187358 0.  0. 
