-2.5  -1.5  0  20  0 0.  0. 
-2.5  -1.5  20  30  0 0.  0. 
-2.5  -1.5  30  50  0.0230934 0.  0. 
-2.5  -1.5  50  100  0.0243802 0.  0. 
-2.5  -1.5  100  200  0.0318129 0.  0. 
-2.5  -1.5  200  1000  0.0116156 0.  0. 
-1.5  -0.5  0  20  0 0.  0. 
-1.5  -0.5  20  30  0 0.  0. 
-1.5  -0.5  30  50  0.0353553 0.  0. 
-1.5  -0.5  50  100  0.0250816 0.  0. 
-1.5  -0.5  100  200  0.0157098 0.  0. 
-1.5  -0.5  200  1000  0.0205521 0.  0. 
-0.5  0.5  0  20  0 0.  0. 
-0.5  0.5  20  30  0 0.  0. 
-0.5  0.5  30  50  0.0201782 0.  0. 
-0.5  0.5  50  100  0.0299656 0.  0. 
-0.5  0.5  100  200  0.0183575 0.  0. 
-0.5  0.5  200  1000  0.0243153 0.  0. 
0.5  1.5  0  20  0 0.  0. 
0.5  1.5  20  30  0 0.  0. 
0.5  1.5  30  50  0.0277666 0.  0. 
0.5  1.5  50  100  0.0239203 0.  0. 
0.5  1.5  100  200  0.0336 0.  0. 
0.5  1.5  200  1000  0.0176507 0.  0. 
1.5  2.5  0  20  0 0.  0. 
1.5  2.5  20  30  0 0.  0. 
1.5  2.5  30  50  0.0222187 0.  0. 
1.5  2.5  50  100  0.0178723 0.  0. 
1.5  2.5  100  200  0.0375066 0.  0. 
1.5  2.5  200  1000  0.029488 0.  0. 
