-2.5  -1.5  0  20  0 0.  0. 
-2.5  -1.5  20  30  0 0.  0. 
-2.5  -1.5  30  50  0.550151 0.  0. 
-2.5  -1.5  50  100  0.591672 0.  0. 
-2.5  -1.5  100  200  0.584134 0.  0. 
-2.5  -1.5  200  1000  0.482892 0.  0. 
-1.5  -0.5  0  20  0 0.  0. 
-1.5  -0.5  20  30  0 0.  0. 
-1.5  -0.5  30  50  0.636022 0.  0. 
-1.5  -0.5  50  100  0.681999 0.  0. 
-1.5  -0.5  100  200  0.689036 0.  0. 
-1.5  -0.5  200  1000  0.631106 0.  0. 
-0.5  0.5  0  20  0 0.  0. 
-0.5  0.5  20  30  0 0.  0. 
-0.5  0.5  30  50  0.655912 0.  0. 
-0.5  0.5  50  100  0.695813 0.  0. 
-0.5  0.5  100  200  0.705917 0.  0. 
-0.5  0.5  200  1000  0.642812 0.  0. 
0.5  1.5  0  20  0 0.  0. 
0.5  1.5  20  30  0 0.  0. 
0.5  1.5  30  50  0.641933 0.  0. 
0.5  1.5  50  100  0.685555 0.  0. 
0.5  1.5  100  200  0.69529 0.  0. 
0.5  1.5  200  1000  0.634433 0.  0. 
1.5  2.5  0  20  0 0.  0. 
1.5  2.5  20  30  0 0.  0. 
1.5  2.5  30  50  0.558736 0.  0. 
1.5  2.5  50  100  0.59684 0.  0. 
1.5  2.5  100  200  0.583355 0.  0. 
1.5  2.5  200  1000  0.485609 0.  0. 
