-2.5  -1.5  0  20  0 0.  0. 
-2.5  -1.5  20  30  0 0.  0. 
-2.5  -1.5  30  50  0.019305 0.  0. 
-2.5  -1.5  50  100  0.0165881 0.  0. 
-2.5  -1.5  100  200  0.020126 0.  0. 
-2.5  -1.5  200  1000  0.0265797 0.  0. 
-1.5  -0.5  0  20  0 0.  0. 
-1.5  -0.5  20  30  0 0.  0. 
-1.5  -0.5  30  50  0.0129974 0.  0. 
-1.5  -0.5  50  100  0.0103847 0.  0. 
-1.5  -0.5  100  200  0.0108317 0.  0. 
-1.5  -0.5  200  1000  0.0201042 0.  0. 
-0.5  0.5  0  20  0 0.  0. 
-0.5  0.5  20  30  0 0.  0. 
-0.5  0.5  30  50  0.0090737 0.  0. 
-0.5  0.5  50  100  0.00747633 0.  0. 
-0.5  0.5  100  200  0.00661843 0.  0. 
-0.5  0.5  200  1000  0.0093752 0.  0. 
0.5  1.5  0  20  0 0.  0. 
0.5  1.5  20  30  0 0.  0. 
0.5  1.5  30  50  0.0119641 0.  0. 
0.5  1.5  50  100  0.0089612 0.  0. 
0.5  1.5  100  200  0.0114815 0.  0. 
0.5  1.5  200  1000  0.0198869 0.  0. 
1.5  2.5  0  20  0 0.  0. 
1.5  2.5  20  30  0 0.  0. 
1.5  2.5  30  50  0.0169665 0.  0. 
1.5  2.5  50  100  0.0149829 0.  0. 
1.5  2.5  100  200  0.0211985 0.  0. 
1.5  2.5  200  1000  0.0256706 0.  0. 
