-2.5  -1.5  0  20  0 0.  0. 
-2.5  -1.5  20  30  0 0.  0. 
-2.5  -1.5  30  50  0.756407 0.  0. 
-2.5  -1.5  50  100  0.80245 0.  0. 
-2.5  -1.5  100  200  0.807372 0.  0. 
-2.5  -1.5  200  1000  0.764844 0.  0. 
-1.5  -0.5  0  20  0 0.  0. 
-1.5  -0.5  20  30  0 0.  0. 
-1.5  -0.5  30  50  0.822127 0.  0. 
-1.5  -0.5  50  100  0.854669 0.  0. 
-1.5  -0.5  100  200  0.861491 0.  0. 
-1.5  -0.5  200  1000  0.836475 0.  0. 
-0.5  0.5  0  20  0 0.  0. 
-0.5  0.5  20  30  0 0.  0. 
-0.5  0.5  30  50  0.824515 0.  0. 
-0.5  0.5  50  100  0.853602 0.  0. 
-0.5  0.5  100  200  0.86522 0.  0. 
-0.5  0.5  200  1000  0.828977 0.  0. 
0.5  1.5  0  20  0 0.  0. 
0.5  1.5  20  30  0 0.  0. 
0.5  1.5  30  50  0.8241 0.  0. 
0.5  1.5  50  100  0.85586 0.  0. 
0.5  1.5  100  200  0.863649 0.  0. 
0.5  1.5  200  1000  0.837214 0.  0. 
1.5  2.5  0  20  0 0.  0. 
1.5  2.5  20  30  0 0.  0. 
1.5  2.5  30  50  0.770379 0.  0. 
1.5  2.5  50  100  0.800937 0.  0. 
1.5  2.5  100  200  0.804347 0.  0. 
1.5  2.5  200  1000  0.766488 0.  0. 
