  0      0.9       0      0.9  0.951088     0.  0.     
  0      0.9     0.9      1.2  0.948963     0.  0.
  0      0.9     1.2      2.1  0.953474     0.  0.
  0      0.9     2.1      2.4  0.938537     0.  0.
0.9      1.2       0      0.9  0.954569     0.  0.
0.9      1.2     0.9      1.2  0.962747     0.  0.
0.9      1.2     1.2      2.1  0.946919     0.  0.
0.9      1.2     2.1      2.4  0.947024     0.  0.
1.2      2.1       0      0.9  0.951507     0.  0.
1.2      2.1     0.9      1.2  0.946721     0.  0.
1.2      2.1     1.2      2.1  0.949264     0.  0.
1.2      2.1     2.1      2.4  0.945759     0.  0.
2.1      2.4       0      0.9  0.944266     0.  0.
2.1      2.4     0.9      1.2  0.927826     0.  0.
2.1      2.4     1.2      2.1  0.953607     0.  0.
2.1      2.4     2.1      2.4  0.920392     0.  0.
