-2.5    -2      10  20	 1.00583      0.   0.
-2.5    -2      20  30	 1.0273       0.   0.
-2.5    -2      30  40	 1.02436      0.   0.
-2.5    -2      40  50	 1.02278      0.   0.
-2.5    -2      50  2000 1.01933      0.   0.
-2      -1.566  10  20	 1.02373      0.   0.
-2      -1.566  20  30	 0.998951     0.   0.
-2      -1.566  30  40	 0.998965     0.   0.
-2      -1.566  40  50	 1            0.   0.
-2      -1.566  50  2000 0.989744     0.   0.
-1.566  -1.444  10  20	 1.06537      0.   0.
-1.566  -1.444  20  30	 1            0.   0.
-1.566  -1.444  30  40	 0.938776     0.   0.
-1.566  -1.444  40  50   0.970166     0.   0.
-1.566  -1.444  50  2000 0.918888     0.   0.
-1.444  -0.800  10  20	 1.02814      0.   0.
-1.444  -0.800  20  30	 1            0.   0.
-1.444  -0.800  30  40	 0.993865     0.   0. 
-1.444  -0.800  40  50	 0.994914     0.   0.
-1.444  -0.800  50  2000 0.988832     0.   0.
-0.8    0       10  20	 0.92383      0.   0.
-0.8    0       20  30	 0.9875       0.   0.
-0.8    0       30  40	 0.985729     0.   0. 
-0.8    0       40  50	 0.990872     0.   0.
-0.8    0       50  2000 0.984802     0.   0. 
0       0.8     10  20	 0.92383      0.   0.
0       0.8     20  30	 0.991675     0.   0.
0       0.8     30  40	 0.988787     0.   0.
0       0.8     40  50	 0.992901     0.   0.
0       0.8     50  2000 0.989879     0.   0.
0.8     1.444   10  20	 1.02814      0.   0.
0.8     1.444   20  30	 0.989616     0.   0.
0.8     1.444   30  40	 0.990807     0.   0.
0.8     1.444   40  50	 0.996951     0.   0.
0.8     1.444   50  2000 0.986815     0.   0.
1.444   1.566   10  20	 1.06537      0.   0.
1.444   1.566   20  30	 0.928666     0.   0.
1.444   1.566   30  40	 0.953515     0.   0.
1.444   1.566   40  50	 0.951542     0.   0.
1.444   1.566   50  2000 0.943743     0.   0.
1.566   2.000   10  20	 1.02373      0.   0.
1.566   2.000   20  30	 0.992693     0.   0.
1.566   2.000   30  40	 0.986612     0.   0.
1.566   2.000   40  50	 0.994882     0.   0.
1.566   2.000   50  2000 0.985685     0.   0.
2       2.500   10  20	 1.00583      0.   0.
2       2.500   20  30	 0.976872     0.   0.
2       2.500   30  40	 0.988185     0.   0.
2       2.500   40  50	 0.989396     0.   0.
2       2.500   50  2000 0.984211     0.   0.
