0.0     0.9      20.0     25.0      0.975357711315      0.00309327243716       0.00309327243716
0.0     0.9      25.0     30.0      0.982809960842      0.00159385350764       0.00159385350764
0.0     0.9      30.0     40.0      0.98664021492       0.000624372211664      0.000624372211664
0.0     0.9      40.0     50.0      0.987302601337      0.000504188023655      0.000504188023655
0.0     0.9      50.0     60.0      0.982277572155      0.00120782316683       0.00120782316683
0.0     0.9      60.0     120.0     0.985662519932      0.00225669571825       0.00225669571825
0.0     0.9      120.0    300.0     1.0			0.0		       0.0
0.9     1.2      20.0     25.0      0.977758049965      0.00459247028049       0.00459247028049
0.9     1.2      25.0     30.0      0.976120710373      0.00275717105231       0.00275717105231
0.9     1.2      30.0     40.0      0.980375945568      0.00108089166131       0.00108089166131
0.9     1.2      40.0     50.0      0.980180561543      0.000821760923135      0.000821760923135
0.9     1.2      50.0     60.0      0.976582884789      0.00196805371966       0.00196805371966
0.9     1.2      60.0     120.0     0.984311938286      0.00375722471031       0.00375722471031
0.9     1.2      120.0    300.0     1.0                 0.0                    0.0
1.2     2.1      20.0     25.0      0.992952048779      0.002205034125         0.002205034125
1.2     2.1      25.0     30.0      0.989996016026      0.00131708838674       0.00131708838674
1.2     2.1      30.0     40.0      0.992300987244      0.000547124688723      0.000547124688723
1.2     2.1      40.0     50.0      0.991253912449      0.000403316938646      0.000403316938646
1.2     2.1      50.0     60.0      0.989061594009      0.00109137331573       0.00109137331573
1.2     2.1      60.0     120.0     0.990666329861      0.00246762683046       0.00246762683046
1.2     2.1      120.0    300.0     1.0                 0.0                    0.0
2.1     2.4      20.0     25.0      0.978452563286      0.00439178833946       0.00439178833946
2.1     2.4      25.0     30.0      0.976407825947      0.00287135174398       0.00287135174398
2.1     2.4      30.0     40.0      0.978308081627      0.00146466335439       0.00146466335439
2.1     2.4      40.0     50.0      0.97754573822       0.0013582979542        0.0013582979542
2.1     2.4      50.0     60.0      0.972767174244      0.00340939641281       0.00340939641281
2.1     2.4      60.0     120.0     0.964051783085      0.00839819381387       0.00839819381387
2.1     2.4      120.0    300.0     1.0                 0.0                    0.0

