0.0     0.9      20.0     25.0      1.00363218784       0.00262788804052       0.00262788804052
0.0     0.9      25.0     30.0      0.997709333897      0.00142245529698       0.00142245529698
0.0     0.9      30.0     40.0      1.000877738         0.000468622784629      0.000468622784629
0.0     0.9      40.0     50.0      0.999542832375      0.000158668514604      0.000158668514604
0.0     0.9      50.0     60.0      1.00026583672       0.000387126211689      0.000387126211689
0.0     0.9      60.0     120.0     0.999541401863      0.000559405980596      0.000559405980596
0.0     0.9      120.0    300.0     1.0			0.0		       0.0
0.9     1.2      30.0     40.0      1.00118803978       0.000830589325239      0.000830589325239
0.9     1.2      20.0     25.0      1.00381684303       0.00375853377086       0.00375853377086
0.9     1.2      25.0     30.0      0.999562561512      0.00253118062818       0.00253118062818
0.9     1.2      40.0     50.0      0.999402463436      0.000335329123842      0.000335329123842
0.9     1.2      50.0     60.0      0.999814331532      0.000718115646873      0.000718115646873
0.9     1.2      60.0     120.0     1.00047171116       0.000928193040031      0.000928193040031
0.9     1.2      120.0    300.0     1.0			0.0		       0.0
1.2     2.1      20.0     25.0      0.999813854694      0.00199561564459       0.00199561564459
1.2     2.1      25.0     30.0      1.00204920769       0.0012327816336        0.0012327816336
1.2     2.1      30.0     40.0      1.00216817856       0.000489677712261      0.000489677712261
1.2     2.1      40.0     50.0      1.00005829334       0.00303134902186       0.00303134902186
1.2     2.1      50.0     60.0      1.00006628036       0.000359889285818      0.000359889285818
1.2     2.1      60.0     120.0     1.00041496754       0.00054849998871       0.00054849998871
1.2     2.1      120.0    300.0     1.0			0.0		       0.0
2.1     2.4      20.0     25.0      1.00620043278       0.00332500647351       0.00332500647351
2.1     2.4      25.0     30.0      0.998734951019      0.00217991375444       0.00217991375444
2.1     2.4      30.0     40.0      0.999570310116      0.000882536809412      0.000882536809412
2.1     2.4      40.0     50.0      0.999581456184      0.000438497483155      0.000438497483155
2.1     2.4      50.0     60.0      1.00037419796       0.000755371772732      0.000755371772732
2.1     2.4      60.0     120.0     1.00106847286       0.00133681351494       0.00133681351494
2.1     2.4      120.0    300.0     1.0			0.0		       0.0


