0.0       1.000000      0.053000        0.053000        0.0     0.0     0.0
1.0       1.018581      0.042092        0.042092        0.0     0.0     0.0
2.0       1.002032      0.029613        0.029613        0.0     0.0     0.0
3.0       0.963863      0.038649        0.038649        0.0     0.0     0.0
4.0       1.132760      0.079681        0.079681        0.0     0.0     0.0
5.0       1.596820      0.236566        0.236566        0.0     0.0     0.0
6.0       1.422467      0.354899        0.354899        0.0     0.0     0.0
7.0       1.000000      0.000000        0.000000        0.0     0.0     0.0
8.0       1.000000      0.000000        0.000000        0.0     0.0     0.0
9.0       1.000000      0.000000        0.000000        0.0     0.0     0.0
10.0      1.000000      0.000000        0.000000        0.0     0.0     0.0

